,aljazeera,alternet,ap,atlantic,breitbart,buzzfeed,cbs,cnn,commondreams,conversation,counterpunch,dailycaller,dailykos,dailymail,economist,federalist,fox,guardian,huffingtonpost,intercept,motherjones,nbc,npr,nypost,nytimes,pjmedia,rawstory,redstate,usatoday,vox,wapo,wsj
aljazeera,100.0,17.124742225572952,81.4902074646901,90.74510373234504,79.30542282081444,49.89304800613361,51.85452095955154,84.47906711561083,78.92097056791478,86.11765559851757,73.31683237152104,62.549104241049825,89.65271141040722,60.66669086246645,82.22794822168429,51.41179459481151,85.18493734841294,36.890021557482775,62.90818152397119,71.7573984977559,44.23013024409141,72.13907281903028,83.31549847893488,69.74413182725523,62.62064374430807,72.62364764812122,69.56771127565096,53.66771166687151,56.344741615901064,42.34229336069948,71.47449392582126,57.46270058476025
alternet,17.124742225572952,100.0,49.89304800613361,51.85452095955154,84.47906711561083,78.92097056791478,86.11765559851757,73.31683237152104,62.549104241049825,89.65271141040722,60.66669086246645,82.22794822168429,51.41179459481151,85.18493734841294,36.890021557482775,62.90818152397119,71.7573984977559,44.23013024409141,72.13907281903028,83.31549847893488,69.74413182725523,62.62064374430807,72.62364764812122,69.56771127565096,53.66771166687151,56.344741615901064,42.34229336069948,71.47449392582126,57.46270058476025,50.32223751362079,53.89937456006816,41.97209561455655
ap,81.4902074646901,49.89304800613361,100.0,78.92097056791478,86.11765559851757,73.31683237152104,62.549104241049825,89.65271141040722,60.66669086246645,82.22794822168429,51.41179459481151,85.18493734841294,36.890021557482775,62.90818152397119,71.7573984977559,44.23013024409141,72.13907281903028,83.31549847893488,69.74413182725523,62.62064374430807,72.62364764812122,69.56771127565096,53.66771166687151,56.344741615901064,42.34229336069948,71.47449392582126,57.46270058476025,50.32223751362079,53.89937456006816,41.97209561455655,58.09667494143695,47.54424725811911
atlantic,90.74510373234504,51.85452095955154,78.92097056791478,100.0,73.31683237152104,62.549104241049825,89.65271141040722,60.66669086246645,82.22794822168429,51.41179459481151,85.18493734841294,36.890021557482775,62.90818152397119,71.7573984977559,44.23013024409141,72.13907281903028,83.31549847893488,69.74413182725523,62.62064374430807,72.62364764812122,69.56771127565096,53.66771166687151,56.344741615901064,42.34229336069948,71.47449392582126,57.46270058476025,50.32223751362079,53.89937456006816,41.97209561455655,58.09667494143695,47.54424725811911,59.00070507735315
breitbart,79.30542282081444,84.47906711561083,86.11765559851757,73.31683237152104,100.0,62.549104241049825,89.65271141040722,60.66669086246645,82.22794822168429,51.41179459481151,85.18493734841294,36.890021557482775,62.90818152397119,71.7573984977559,44.23013024409141,72.13907281903028,83.31549847893488,69.74413182725523,62.62064374430807,72.62364764812122,69.56771127565096,53.66771166687151,56.344741615901064,42.34229336069948,71.47449392582126,57.46270058476025,50.32223751362079,53.89937456006816,41.97209561455655,58.09667494143695,47.54424725811911,59.00070507735315
buzzfeed,49.89304800613361,78.92097056791478,73.31683237152104,62.549104241049825,62.549104241049825,100.0,62.549104241049825,89.65271141040722,60.66669086246645,82.22794822168429,51.41179459481151,85.18493734841294,36.890021557482775,62.90818152397119,71.7573984977559,44.23013024409141,72.13907281903028,83.31549847893488,69.74413182725523,62.62064374430807,72.62364764812122,69.56771127565096,53.66771166687151,56.344741615901064,42.34229336069948,71.47449392582126,57.46270058476025,50.32223751362079,53.89937456006816,41.97209561455655,58.09667494143695,47.54424725811911
cbs,51.85452095955154,86.11765559851757,62.549104241049825,89.65271141040722,89.65271141040722,62.549104241049825,100.0,73.31683237152104,62.549104241049825,89.65271141040722,60.66669086246645,82.22794822168429,51.41179459481151,85.18493734841294,36.890021557482775,62.90818152397119,71.7573984977559,44.23013024409141,72.13907281903028,83.31549847893488,69.74413182725523,62.62064374430807,72.62364764812122,69.56771127565096,53.66771166687151,56.344741615901064,42.34229336069948,71.47449392582126,57.46270058476025,50.32223751362079,53.89937456006816,41.97209561455655
cnn,84.47906711561083,73.31683237152104,89.65271141040722,60.66669086246645,60.66669086246645,89.65271141040722,73.31683237152104,100.0,78.92097056791478,86.11765559851757,73.31683237152104,62.549104241049825,89.65271141040722,60.66669086246645,82.22794822168429,51.41179459481151,85.18493734841294,36.890021557482775,62.90818152397119,71.7573984977559,44.23013024409141,72.13907281903028,83.31549847893488,69.74413182725523,62.62064374430807,72.62364764812122,69.56771127565096,53.66771166687151,56.344741615901064,42.34229336069948,71.47449392582126,57.46270058476025
commondreams,78.92097056791478,62.549104241049825,60.66669086246645,82.22794822168429,82.22794822168429,60.66669086246645,62.549104241049825,78.92097056791478,100.0,49.89304800613361,51.85452095955154,84.47906711561083,78.92097056791478,86.11765559851757,73.31683237152104,62.549104241049825,89.65271141040722,60.66669086246645,82.22794822168429,51.41179459481151,85.18493734841294,36.890021557482775,62.90818152397119,71.7573984977559,44.23013024409141,72.13907281903028,83.31549847893488,69.74413182725523,62.62064374430807,72.62364764812122,69.56771127565096,53.66771166687151
conversation,86.11765559851757,89.65271141040722,82.22794822168429,51.41179459481151,51.41179459481151,82.22794822168429,89.65271141040722,86.11765559851757,49.89304800613361,100.0,17.124742225572952,81.4902074646901,90.74510373234504,79.30542282081444,49.89304800613361,51.85452095955154,84.47906711561083,78.92097056791478,86.11765559851757,73.31683237152104,62.549104241049825,89.65271141040722,60.66669086246645,82.22794822168429,51.41179459481151,85.18493734841294,36.890021557482775,62.90818152397119,71.7573984977559,44.23013024409141,72.13907281903028,83.31549847893488
counterpunch,73.31683237152104,60.66669086246645,51.41179459481151,85.18493734841294,85.18493734841294,51.41179459481151,60.66669086246645,73.31683237152104,51.85452095955154,17.124742225572952,100.0,77.21246067237321,77.21246067237321,68.52995033852136,22.741015089087092,29.100306098763163,17.124742225572952,81.4902074646901,90.74510373234504,79.30542282081444,49.89304800613361,51.85452095955154,84.47906711561083,78.92097056791478,86.11765559851757,73.31683237152104,62.549104241049825,89.65271141040722,60.66669086246645,82.22794822168429,51.41179459481151,85.18493734841294
dailycaller,62.549104241049825,82.22794822168429,85.18493734841294,36.890021557482775,36.890021557482775,85.18493734841294,82.22794822168429,62.549104241049825,84.47906711561083,81.4902074646901,77.21246067237321,100.0,68.52995033852136,15.588699417951801,89.65271141040722,71.85233188065581,89.65271141040722,36.63605683543767,77.21246067237321,77.21246067237321,68.52995033852136,22.741015089087092,29.100306098763163,17.124742225572952,81.4902074646901,90.74510373234504,79.30542282081444,49.89304800613361,51.85452095955154,84.47906711561083,78.92097056791478,86.11765559851757
dailykos,89.65271141040722,51.41179459481151,36.890021557482775,62.90818152397119,62.90818152397119,36.890021557482775,51.41179459481151,89.65271141040722,78.92097056791478,90.74510373234504,77.21246067237321,68.52995033852136,100.0,45.149609750772925,68.52995033852136,71.85233188065581,22.498877538003505,68.52995033852136,55.07560479208904,60.66669086246645,68.52995033852136,15.588699417951801,89.65271141040722,71.85233188065581,89.65271141040722,36.63605683543767,77.21246067237321,77.21246067237321,68.52995033852136,22.741015089087092,29.100306098763163,17.124742225572952
dailymail,60.66669086246645,85.18493734841294,62.90818152397119,71.7573984977559,71.7573984977559,62.90818152397119,85.18493734841294,60.66669086246645,86.11765559851757,79.30542282081444,68.52995033852136,15.588699417951801,45.149609750772925,100.0,79.30542282081444,70.73344828561903,84.47906711561083,53.15065834289135,60.66669086246645,19.55024710479617,53.15065834289135,41.01137916868797,45.149609750772925,68.52995033852136,71.85233188065581,22.498877538003505,68.52995033852136,55.07560479208904,60.66669086246645,68.52995033852136,15.588699417951801,89.65271141040722
economist,82.22794822168429,36.890021557482775,71.7573984977559,44.23013024409141,44.23013024409141,71.7573984977559,36.890021557482775,82.22794822168429,73.31683237152104,49.89304800613361,22.741015089087092,89.65271141040722,68.52995033852136,79.30542282081444,100.0,68.87202625507615,78.66851810318029,62.052103792799485,59.5263588036405,71.380813850743,70.36987469682589,97.68627593308626,35.75508585439609,79.30542282081444,79.30542282081444,70.73344828561903,84.47906711561083,53.15065834289135,60.66669086246645,19.55024710479617,53.15065834289135,41.01137916868797
federalist,51.41179459481151,62.90818152397119,44.23013024409141,72.13907281903028,72.13907281903028,44.23013024409141,62.90818152397119,51.41179459481151,62.549104241049825,51.85452095955154,29.100306098763163,71.85233188065581,71.85233188065581,70.73344828561903,68.87202625507615,100.0,52.75241755275506,66.4709528596274,66.4709528596274,62.26430245273031,85.9261659403279,48.00551832937459,58.09667494143695,58.80531416156176,86.11765559851757,40.830154100153656,68.87202625507615,78.66851810318029,62.052103792799485,59.5263588036405,71.380813850743,70.36987469682589
fox,85.18493734841294,71.7573984977559,72.13907281903028,83.31549847893488,83.31549847893488,72.13907281903028,71.7573984977559,85.18493734841294,89.65271141040722,84.47906711561083,17.124742225572952,89.65271141040722,22.498877538003505,84.47906711561083,78.66851810318029,52.75241755275506,100.0,86.31182382406062,41.42118543312815,78.05008621421428,72.81989643179065,69.8327289960014,65.60401895893501,69.13107076215275,46.33357052025051,56.77606737954388,61.14596579112963,68.52995033852136,52.75241755275506,66.4709528596274,66.4709528596274,62.26430245273031
guardian,36.890021557482775,44.23013024409141,83.31549847893488,69.74413182725523,69.74413182725523,83.31549847893488,44.23013024409141,36.890021557482775,60.66669086246645,78.92097056791478,81.4902074646901,36.63605683543767,68.52995033852136,53.15065834289135,62.052103792799485,66.4709528596274,86.31182382406062,100.0,32.90200205950161,59.394307421159766,73.61948678444523,41.056772496558324,47.18826617955006,33.86633481928023,79.04833747071848,76.06665215256554,86.50878626788017,63.4168103570238,75.18807360060848,71.66278315232111,86.31182382406062,41.42118543312815
huffingtonpost,62.90818152397119,72.13907281903028,69.74413182725523,62.62064374430807,62.62064374430807,69.74413182725523,72.13907281903028,62.90818152397119,82.22794822168429,86.11765559851757,90.74510373234504,77.21246067237321,55.07560479208904,60.66669086246645,59.5263588036405,66.4709528596274,41.42118543312815,32.90200205950161,100.0,69.56771127565096,67.1158024321894,97.68627593308626,37.52945019332908,76.17875275875589,78.05008621421428,67.77355282975994,60.53082410507648,62.62064374430807,63.5634369576612,58.0328465342071,39.79869600962677,42.94898785164251
intercept,71.7573984977559,83.31549847893488,62.62064374430807,72.62364764812122,72.62364764812122,62.62064374430807,83.31549847893488,71.7573984977559,51.41179459481151,73.31683237152104,79.30542282081444,77.21246067237321,60.66669086246645,19.55024710479617,71.380813850743,62.26430245273031,78.05008621421428,59.394307421159766,69.56771127565096,100.0,27.93947345403748,42.156898327156554,62.69232042819978,64.68253490875809,24.422282154794406,70.73344828561903,86.91160017992622,72.23531119703514,60.395423447030225,85.00535427466639,68.44501077874139,88.43137966543131
motherjones,44.23013024409141,69.74413182725523,72.62364764812122,69.56771127565096,69.56771127565096,72.62364764812122,69.74413182725523,44.23013024409141,85.18493734841294,62.549104241049825,49.89304800613361,68.52995033852136,68.52995033852136,53.15065834289135,70.36987469682589,85.9261659403279,72.81989643179065,73.61948678444523,67.1158024321894,27.93947345403748,100.0,90.18370013494467,68.95813423122166,79.17648339777637,67.77355282975994,91.65774923946745,35.009471946931356,74.44408238678304,69.8327289960014,65.21710036431148,65.83827354181504,39.976806766800024
nbc,72.13907281903028,62.62064374430807,69.56771127565096,53.66771166687151,53.66771166687151,69.56771127565096,62.62064374430807,72.13907281903028,36.890021557482775,89.65271141040722,51.85452095955154,22.741015089087092,15.588699417951801,41.01137916868797,97.68627593308626,48.00551832937459,69.8327289960014,41.056772496558324,97.68627593308626,42.156898327156554,90.18370013494467,100.0,69.92158713012141,56.10017242842855,23.332247160349095,30.24208271776885,29.365069817516154,56.77606737954388,43.184056886618926,39.66545799200283,54.190600629741816,34.231604864378795
npr,83.31549847893488,72.62364764812122,53.66771166687151,56.344741615901064,56.344741615901064,53.66771166687151,72.62364764812122,83.31549847893488,62.90818152397119,60.66669086246645,84.47906711561083,29.100306098763163,89.65271141040722,45.149609750772925,35.75508585439609,58.09667494143695,65.60401895893501,47.18826617955006,37.52945019332908,62.69232042819978,68.95813423122166,69.92158713012141,100.0,54.366228366588366,49.098070527897775,41.42118543312815,5.024515729480483,16.83457315267316,31.637382017119663,40.379501390966865,42.668177235509695,39.267497739389015
nypost,69.74413182725523,69.56771127565096,56.344741615901064,42.34229336069948,42.34229336069948,56.344741615901064,69.56771127565096,69.74413182725523,71.7573984977559,82.22794822168429,78.92097056791478,17.124742225572952,71.85233188065581,68.52995033852136,79.30542282081444,58.80531416156176,69.13107076215275,33.86633481928023,76.17875275875589,64.68253490875809,79.17648339777637,56.10017242842855,54.366228366588366,100.0,72.0431657292691,57.337036206360594,72.91855412056492,74.44408238678304,64.91063717737747,66.55087918818326,47.95406410434319,76.74736090592295
nytimes,62.62064374430807,53.66771166687151,42.34229336069948,71.47449392582126,71.47449392582126,42.34229336069948,53.66771166687151,62.62064374430807,44.23013024409141,51.41179459481151,86.11765559851757,81.4902074646901,89.65271141040722,71.85233188065581,79.30542282081444,86.11765559851757,46.33357052025051,79.04833747071848,78.05008621421428,24.422282154794406,67.77355282975994,23.332247160349095,49.098070527897775,72.0431657292691,100.0,44.03848064229966,76.17875275875589,68.95813423122166,72.91855412056492,79.04833747071848,45.73836086332522,60.66669086246645
pjmedia,72.62364764812122,56.344741615901064,71.47449392582126,57.46270058476025,57.46270058476025,71.47449392582126,56.344741615901064,72.62364764812122,72.13907281903028,85.18493734841294,73.31683237152104,90.74510373234504,36.63605683543767,22.498877538003505,70.73344828561903,40.830154100153656,56.77606737954388,76.06665215256554,67.77355282975994,70.73344828561903,91.65774923946745,30.24208271776885,41.42118543312815,57.337036206360594,44.03848064229966,100.0,69.8327289960014,86.31182382406062,67.60786306320767,69.13107076215275,75.18807360060848,67.44301651799513
rawstory,69.56771127565096,42.34229336069948,57.46270058476025,50.32223751362079,50.32223751362079,57.46270058476025,42.34229336069948,69.56771127565096,83.31549847893488,36.890021557482775,62.549104241049825,79.30542282081444,77.21246067237321,68.52995033852136,84.47906711561083,68.87202625507615,61.14596579112963,86.50878626788017,60.53082410507648,86.91160017992622,35.009471946931356,29.365069817516154,5.024515729480483,72.91855412056492,76.17875275875589,69.8327289960014,100.0,27.34759060425852,40.46935901341151,77.21246067237321,43.231187498723045,53.49472181184589
redstate,53.66771166687151,71.47449392582126,50.32223751362079,53.89937456006816,53.89937456006816,50.32223751362079,71.47449392582126,53.66771166687151,69.74413182725523,62.90818152397119,89.65271141040722,49.89304800613361,77.21246067237321,55.07560479208904,53.15065834289135,78.66851810318029,68.52995033852136,63.4168103570238,62.62064374430807,72.23531119703514,74.44408238678304,56.77606737954388,16.83457315267316,74.44408238678304,68.95813423122166,86.31182382406062,27.34759060425852,100.0,63.784489936425274,41.7878795816762,65.29413899629394,93.45580008996312
usatoday,56.344741615901064,57.46270058476025,53.89937456006816,41.97209561455655,41.97209561455655,53.89937456006816,57.46270058476025,56.344741615901064,62.62064374430807,71.7573984977559,60.66669086246645,51.85452095955154,68.52995033852136,60.66669086246645,60.66669086246645,62.052103792799485,52.75241755275506,75.18807360060848,63.5634369576612,60.395423447030225,69.8327289960014,43.184056886618926,31.637382017119663,64.91063717737747,72.91855412056492,67.60786306320767,40.46935901341151,63.784489936425274,100.0,58.288746197337225,78.66851810318029,78.17237080795053
vox,42.34229336069948,50.32223751362079,41.97209561455655,58.09667494143695,58.09667494143695,41.97209561455655,50.32223751362079,42.34229336069948,72.62364764812122,44.23013024409141,82.22794822168429,84.47906711561083,22.741015089087092,68.52995033852136,19.55024710479617,59.5263588036405,66.4709528596274,71.66278315232111,58.0328465342071,85.00535427466639,65.21710036431148,39.66545799200283,40.379501390966865,66.55087918818326,79.04833747071848,69.13107076215275,77.21246067237321,41.7878795816762,58.288746197337225,100.0,10.240626216462223,43.3255663046422
wapo,71.47449392582126,53.89937456006816,58.09667494143695,47.54424725811911,47.54424725811911,58.09667494143695,53.89937456006816,71.47449392582126,69.56771127565096,72.13907281903028,51.41179459481151,78.92097056791478,29.100306098763163,15.588699417951801,53.15065834289135,71.380813850743,66.4709528596274,86.31182382406062,39.79869600962677,68.44501077874139,65.83827354181504,54.190600629741816,42.668177235509695,47.95406410434319,45.73836086332522,75.18807360060848,43.231187498723045,65.29413899629394,78.66851810318029,10.240626216462223,100.0,73.31683237152104
wsj,57.46270058476025,41.97209561455655,47.54424725811911,59.00070507735315,59.00070507735315,47.54424725811911,41.97209561455655,57.46270058476025,53.66771166687151,83.31549847893488,85.18493734841294,86.11765559851757,17.124742225572952,89.65271141040722,41.01137916868797,70.36987469682589,62.26430245273031,41.42118543312815,42.94898785164251,88.43137966543131,39.976806766800024,34.231604864378795,39.267497739389015,76.74736090592295,60.66669086246645,67.44301651799513,53.49472181184589,93.45580008996312,78.17237080795053,43.3255663046422,73.31683237152104,100.0
