,aljazeera,alternet,americanconservative,antiwar,ap,atlantic,axios,bbc,breitbart,businessinsider,buzzfeed,canary,cbs,cnbc,cnn,commondreams,consortium,conversation,counterpunch,dailycaller,dailykos,dailymail,economist,fox,globalresearch,guardian,huffingtonpost,infowars,intercept,lewrockwell,mintpress,motherjones,nationalreview,nbc,neweasternoutlook,npr,nypost,nytimes,pbs,pjmedia,rawstory,redstate,reuters,rt,slate,spectator,strategicculture,truthdig,usatoday,vice,vox,wapo,wsj
aljazeera,100.0,72.0431657292691,52.3575055175118,69.92158713012141,57.77849782098372,57.71514969506818,64.60682750121278,39.79869600962677,79.17648339777637,72.91855412056492,92.68336207140476,70.64213276976082,76.63253236019752,86.31182382406062,73.51821764733582,100.0,19.950497114563127,92.68336207140476,52.3575055175118,85.73724696291063,29.706945646358307,96.72790004498155,93.0588277992588,96.72790004498155,85.18493734841294,43.184056886618926,60.59869892038341,49.098070527897775,93.0588277992588,90.18370013494467,64.53128168954052,74.65442273417506,86.11765559851757,56.77606737954388,55.07560479208904,65.14023198407372,44.23013024409141,76.63253236019752,64.08134338628993,94.33255663046423,100.0,84.30755988829243,78.92097056791478,91.65774923946745,96.72790004498155,81.4902074646901,45.149609750772925,67.19729994922696,88.2022758337376,78.17237080795053,62.33530100583307,85.9261659403279,70.55110040483402
alternet,72.0431657292691,100.0,57.71514969506818,64.60682750121278,39.79869600962677,79.17648339777637,72.91855412056492,92.68336207140476,70.64213276976082,76.63253236019752,86.31182382406062,73.51821764733582,100.0,19.950497114563127,92.68336207140476,52.3575055175118,85.73724696291063,29.706945646358307,96.72790004498155,93.0588277992588,96.72790004498155,85.18493734841294,43.184056886618926,60.59869892038341,49.098070527897775,93.0588277992588,90.18370013494467,64.53128168954052,74.65442273417506,86.11765559851757,56.77606737954388,55.07560479208904,65.14023198407372,44.23013024409141,76.63253236019752,64.08134338628993,94.33255663046423,100.0,84.30755988829243,78.92097056791478,91.65774923946745,96.72790004498155,81.4902074646901,45.149609750772925,67.19729994922696,88.2022758337376,78.17237080795053,62.33530100583307,85.9261659403279,70.55110040483402,69.74413182725523,55.43452714881531,96.72790004498155
americanconservative,52.3575055175118,57.71514969506818,100.0,79.17648339777637,72.91855412056492,92.68336207140476,70.64213276976082,76.63253236019752,86.31182382406062,73.51821764733582,100.0,19.950497114563127,92.68336207140476,52.3575055175118,85.73724696291063,29.706945646358307,96.72790004498155,93.0588277992588,96.72790004498155,85.18493734841294,43.184056886618926,60.59869892038341,49.098070527897775,93.0588277992588,90.18370013494467,64.53128168954052,74.65442273417506,86.11765559851757,56.77606737954388,55.07560479208904,65.14023198407372,44.23013024409141,76.63253236019752,64.08134338628993,94.33255663046423,100.0,84.30755988829243,78.92097056791478,91.65774923946745,96.72790004498155,81.4902074646901,45.149609750772925,67.19729994922696,88.2022758337376,78.17237080795053,62.33530100583307,85.9261659403279,70.55110040483402,69.74413182725523,55.43452714881531,96.72790004498155,58.48170600064711,80.23153290665772
antiwar,69.92158713012141,64.60682750121278,79.17648339777637,100.0,92.68336207140476,70.64213276976082,76.63253236019752,86.31182382406062,73.51821764733582,100.0,19.950497114563127,92.68336207140476,52.3575055175118,85.73724696291063,29.706945646358307,96.72790004498155,93.0588277992588,96.72790004498155,85.18493734841294,43.184056886618926,60.59869892038341,49.098070527897775,93.0588277992588,90.18370013494467,64.53128168954052,74.65442273417506,86.11765559851757,56.77606737954388,55.07560479208904,65.14023198407372,44.23013024409141,76.63253236019752,64.08134338628993,94.33255663046423,100.0,84.30755988829243,78.92097056791478,91.65774923946745,96.72790004498155,81.4902074646901,45.149609750772925,67.19729994922696,88.2022758337376,78.17237080795053,62.33530100583307,85.9261659403279,70.55110040483402,69.74413182725523,55.43452714881531,96.72790004498155,58.48170600064711,80.23153290665772,49.89304800613361
ap,57.77849782098372,39.79869600962677,72.91855412056492,92.68336207140476,100.0,70.64213276976082,76.63253236019752,86.31182382406062,73.51821764733582,100.0,19.950497114563127,92.68336207140476,52.3575055175118,85.73724696291063,29.706945646358307,96.72790004498155,93.0588277992588,96.72790004498155,85.18493734841294,43.184056886618926,60.59869892038341,49.098070527897775,93.0588277992588,90.18370013494467,64.53128168954052,74.65442273417506,86.11765559851757,56.77606737954388,55.07560479208904,65.14023198407372,44.23013024409141,76.63253236019752,64.08134338628993,94.33255663046423,100.0,84.30755988829243,78.92097056791478,91.65774923946745,96.72790004498155,81.4902074646901,45.149609750772925,67.19729994922696,88.2022758337376,78.17237080795053,62.33530100583307,85.9261659403279,70.55110040483402,69.74413182725523,55.43452714881531,96.72790004498155,58.48170600064711,80.23153290665772,49.89304800613361
atlantic,57.71514969506818,79.17648339777637,92.68336207140476,70.64213276976082,70.64213276976082,100.0,70.64213276976082,76.63253236019752,86.31182382406062,73.51821764733582,100.0,19.950497114563127,92.68336207140476,52.3575055175118,85.73724696291063,29.706945646358307,96.72790004498155,93.0588277992588,96.72790004498155,85.18493734841294,43.184056886618926,60.59869892038341,49.098070527897775,93.0588277992588,90.18370013494467,64.53128168954052,74.65442273417506,86.11765559851757,56.77606737954388,55.07560479208904,65.14023198407372,44.23013024409141,76.63253236019752,64.08134338628993,94.33255663046423,100.0,84.30755988829243,78.92097056791478,91.65774923946745,96.72790004498155,81.4902074646901,45.149609750772925,67.19729994922696,88.2022758337376,78.17237080795053,62.33530100583307,85.9261659403279,70.55110040483402,69.74413182725523,55.43452714881531,96.72790004498155,58.48170600064711,80.23153290665772
axios,64.60682750121278,72.91855412056492,70.64213276976082,76.63253236019752,76.63253236019752,70.64213276976082,100.0,92.68336207140476,70.64213276976082,76.63253236019752,86.31182382406062,73.51821764733582,100.0,19.950497114563127,92.68336207140476,52.3575055175118,85.73724696291063,29.706945646358307,96.72790004498155,93.0588277992588,96.72790004498155,85.18493734841294,43.184056886618926,60.59869892038341,49.098070527897775,93.0588277992588,90.18370013494467,64.53128168954052,74.65442273417506,86.11765559851757,56.77606737954388,55.07560479208904,65.14023198407372,44.23013024409141,76.63253236019752,64.08134338628993,94.33255663046423,100.0,84.30755988829243,78.92097056791478,91.65774923946745,96.72790004498155,81.4902074646901,45.149609750772925,67.19729994922696,88.2022758337376,78.17237080795053,62.33530100583307,85.9261659403279,70.55110040483402,69.74413182725523,55.43452714881531,96.72790004498155
bbc,39.79869600962677,92.68336207140476,76.63253236019752,86.31182382406062,86.31182382406062,76.63253236019752,92.68336207140476,100.0,79.17648339777637,72.91855412056492,92.68336207140476,70.64213276976082,76.63253236019752,86.31182382406062,73.51821764733582,100.0,19.950497114563127,92.68336207140476,52.3575055175118,85.73724696291063,29.706945646358307,96.72790004498155,93.0588277992588,96.72790004498155,85.18493734841294,43.184056886618926,60.59869892038341,49.098070527897775,93.0588277992588,90.18370013494467,64.53128168954052,74.65442273417506,86.11765559851757,56.77606737954388,55.07560479208904,65.14023198407372,44.23013024409141,76.63253236019752,64.08134338628993,94.33255663046423,100.0,84.30755988829243,78.92097056791478,91.65774923946745,96.72790004498155,81.4902074646901,45.149609750772925,67.19729994922696,88.2022758337376,78.17237080795053,62.33530100583307,85.9261659403279,70.55110040483402
breitbart,79.17648339777637,70.64213276976082,86.31182382406062,73.51821764733582,73.51821764733582,86.31182382406062,70.64213276976082,79.17648339777637,100.0,57.71514969506818,64.60682750121278,39.79869600962677,79.17648339777637,72.91855412056492,92.68336207140476,70.64213276976082,76.63253236019752,86.31182382406062,73.51821764733582,100.0,19.950497114563127,92.68336207140476,52.3575055175118,85.73724696291063,29.706945646358307,96.72790004498155,93.0588277992588,96.72790004498155,85.18493734841294,43.184056886618926,60.59869892038341,49.098070527897775,93.0588277992588,90.18370013494467,64.53128168954052,74.65442273417506,86.11765559851757,56.77606737954388,55.07560479208904,65.14023198407372,44.23013024409141,76.63253236019752,64.08134338628993,94.33255663046423,100.0,84.30755988829243,78.92097056791478,91.65774923946745,96.72790004498155,81.4902074646901,45.149609750772925,67.19729994922696,88.2022758337376
businessinsider,72.91855412056492,76.63253236019752,73.51821764733582,100.0,100.0,73.51821764733582,76.63253236019752,72.91855412056492,57.71514969506818,100.0,72.0431657292691,52.3575055175118,69.92158713012141,57.77849782098372,57.71514969506818,64.60682750121278,39.79869600962677,79.17648339777637,72.91855412056492,92.68336207140476,70.64213276976082,76.63253236019752,86.31182382406062,73.51821764733582,100.0,19.950497114563127,92.68336207140476,52.3575055175118,85.73724696291063,29.706945646358307,96.72790004498155,93.0588277992588,96.72790004498155,85.18493734841294,43.184056886618926,60.59869892038341,49.098070527897775,93.0588277992588,90.18370013494467,64.53128168954052,74.65442273417506,86.11765559851757,56.77606737954388,55.07560479208904,65.14023198407372,44.23013024409141,76.63253236019752,64.08134338628993,94.33255663046423,100.0,84.30755988829243,78.92097056791478,91.65774923946745
buzzfeed,92.68336207140476,86.31182382406062,100.0,19.950497114563127,19.950497114563127,100.0,86.31182382406062,92.68336207140476,64.60682750121278,72.0431657292691,100.0,67.77355282975994,69.13107076215275,88.43137966543131,54.13220749020478,76.74736090592295,72.0431657292691,52.3575055175118,69.92158713012141,57.77849782098372,57.71514969506818,64.60682750121278,39.79869600962677,79.17648339777637,72.91855412056492,92.68336207140476,70.64213276976082,76.63253236019752,86.31182382406062,73.51821764733582,100.0,19.950497114563127,92.68336207140476,52.3575055175118,85.73724696291063,29.706945646358307,96.72790004498155,93.0588277992588,96.72790004498155,85.18493734841294,43.184056886618926,60.59869892038341,49.098070527897775,93.0588277992588,90.18370013494467,64.53128168954052,74.65442273417506,86.11765559851757,56.77606737954388,55.07560479208904,65.14023198407372,44.23013024409141,76.63253236019752
canary,70.64213276976082,73.51821764733582,19.950497114563127,92.68336207140476,92.68336207140476,19.950497114563127,73.51821764733582,70.64213276976082,39.79869600962677,52.3575055175118,67.77355282975994,100.0,57.71514969506818,59.06604264065884,45.93603597989274,39.39986077852898,59.99197082725847,81.92923735624956,67.77355282975994,69.13107076215275,88.43137966543131,54.13220749020478,76.74736090592295,72.0431657292691,52.3575055175118,69.92158713012141,57.77849782098372,57.71514969506818,64.60682750121278,39.79869600962677,79.17648339777637,72.91855412056492,92.68336207140476,70.64213276976082,76.63253236019752,86.31182382406062,73.51821764733582,100.0,19.950497114563127,92.68336207140476,52.3575055175118,85.73724696291063,29.706945646358307,96.72790004498155,93.0588277992588,96.72790004498155,85.18493734841294,43.184056886618926,60.59869892038341,49.098070527897775,93.0588277992588,90.18370013494467,64.53128168954052
cbs,76.63253236019752,100.0,92.68336207140476,52.3575055175118,52.3575055175118,92.68336207140476,100.0,76.63253236019752,79.17648339777637,69.92158713012141,69.13107076215275,57.71514969506818,100.0,90.18370013494467,64.60682750121278,86.11765559851757,90.460271283581,56.46754146080411,68.44501077874139,79.17648339777637,57.71514969506818,59.06604264065884,45.93603597989274,39.39986077852898,59.99197082725847,81.92923735624956,67.77355282975994,69.13107076215275,88.43137966543131,54.13220749020478,76.74736090592295,72.0431657292691,52.3575055175118,69.92158713012141,57.77849782098372,57.71514969506818,64.60682750121278,39.79869600962677,79.17648339777637,72.91855412056492,92.68336207140476,70.64213276976082,76.63253236019752,86.31182382406062,73.51821764733582,100.0,19.950497114563127,92.68336207140476,52.3575055175118,85.73724696291063,29.706945646358307,96.72790004498155,93.0588277992588
cnbc,86.31182382406062,19.950497114563127,52.3575055175118,85.73724696291063,85.73724696291063,52.3575055175118,19.950497114563127,86.31182382406062,72.91855412056492,57.77849782098372,88.43137966543131,59.06604264065884,90.18370013494467,100.0,49.839657525357275,65.60401895893501,86.7086671508113,59.59254632331019,91.65774923946745,79.30542282081444,62.33530100583307,62.62064374430807,90.18370013494467,64.60682750121278,86.11765559851757,90.460271283581,56.46754146080411,68.44501077874139,79.17648339777637,57.71514969506818,59.06604264065884,45.93603597989274,39.39986077852898,59.99197082725847,81.92923735624956,67.77355282975994,69.13107076215275,88.43137966543131,54.13220749020478,76.74736090592295,72.0431657292691,52.3575055175118,69.92158713012141,57.77849782098372,57.71514969506818,64.60682750121278,39.79869600962677,79.17648339777637,72.91855412056492,92.68336207140476,70.64213276976082,76.63253236019752,86.31182382406062
cnn,73.51821764733582,92.68336207140476,85.73724696291063,29.706945646358307,29.706945646358307,85.73724696291063,92.68336207140476,73.51821764733582,92.68336207140476,57.71514969506818,54.13220749020478,45.93603597989274,64.60682750121278,49.839657525357275,100.0,58.0328465342071,46.985921630633634,44.470622394070304,67.52533519203436,75.08042916287204,88.2022758337376,65.99533978278531,70.27967623763807,48.574912595494524,49.839657525357275,65.60401895893501,86.7086671508113,59.59254632331019,91.65774923946745,79.30542282081444,62.33530100583307,62.62064374430807,90.18370013494467,64.60682750121278,86.11765559851757,90.460271283581,56.46754146080411,68.44501077874139,79.17648339777637,57.71514969506818,59.06604264065884,45.93603597989274,39.39986077852898,59.99197082725847,81.92923735624956,67.77355282975994,69.13107076215275,88.43137966543131,54.13220749020478,76.74736090592295,72.0431657292691,52.3575055175118,69.92158713012141
commondreams,100.0,52.3575055175118,29.706945646358307,96.72790004498155,96.72790004498155,29.706945646358307,52.3575055175118,100.0,70.64213276976082,64.60682750121278,76.74736090592295,39.39986077852898,86.11765559851757,65.60401895893501,58.0328465342071,100.0,61.701051948629946,87.97753708423154,54.48369000704547,81.2032168226623,52.07741789299122,41.37550993724744,45.98556779424933,51.301741893447364,47.18826617955006,47.54424725811911,58.0328465342071,46.985921630633634,44.470622394070304,67.52533519203436,75.08042916287204,88.2022758337376,65.99533978278531,70.27967623763807,48.574912595494524,49.839657525357275,65.60401895893501,86.7086671508113,59.59254632331019,91.65774923946745,79.30542282081444,62.33530100583307,62.62064374430807,90.18370013494467,64.60682750121278,86.11765559851757,90.460271283581,56.46754146080411,68.44501077874139,79.17648339777637,57.71514969506818,59.06604264065884,45.93603597989274
consortium,19.950497114563127,85.73724696291063,96.72790004498155,93.0588277992588,93.0588277992588,96.72790004498155,85.73724696291063,19.950497114563127,76.63253236019752,39.79869600962677,72.0431657292691,59.99197082725847,90.460271283581,86.7086671508113,46.985921630633634,61.701051948629946,100.0,88.43137966543131,72.0431657292691,69.92158713012141,57.77849782098372,100.0,55.49462896018209,58.0328465342071,72.81989643179065,65.91671618599466,55.07560479208904,76.74736090592295,61.701051948629946,87.97753708423154,54.48369000704547,81.2032168226623,52.07741789299122,41.37550993724744,45.98556779424933,51.301741893447364,47.18826617955006,47.54424725811911,58.0328465342071,46.985921630633634,44.470622394070304,67.52533519203436,75.08042916287204,88.2022758337376,65.99533978278531,70.27967623763807,48.574912595494524,49.839657525357275,65.60401895893501,86.7086671508113,59.59254632331019,91.65774923946745,79.30542282081444
conversation,92.68336207140476,29.706945646358307,93.0588277992588,96.72790004498155,96.72790004498155,93.0588277992588,29.706945646358307,92.68336207140476,86.31182382406062,79.17648339777637,52.3575055175118,81.92923735624956,56.46754146080411,59.59254632331019,44.470622394070304,87.97753708423154,88.43137966543131,100.0,67.77355282975994,82.68567450815114,69.92158713012141,72.81989643179065,55.01606282399917,89.39718432612673,81.2032168226623,44.470622394070304,65.60401895893501,90.18370013494467,79.17648339777637,59.99197082725847,88.43137966543131,72.0431657292691,69.92158713012141,57.77849782098372,100.0,55.49462896018209,58.0328465342071,72.81989643179065,65.91671618599466,55.07560479208904,76.74736090592295,61.701051948629946,87.97753708423154,54.48369000704547,81.2032168226623,52.07741789299122,41.37550993724744,45.98556779424933,51.301741893447364,47.18826617955006,47.54424725811911,58.0328465342071,46.985921630633634
counterpunch,52.3575055175118,96.72790004498155,96.72790004498155,85.18493734841294,85.18493734841294,96.72790004498155,96.72790004498155,52.3575055175118,73.51821764733582,72.91855412056492,69.92158713012141,67.77355282975994,68.44501077874139,91.65774923946745,67.52533519203436,54.48369000704547,72.0431657292691,67.77355282975994,100.0,64.60682750121278,51.798957780022256,76.17875275875589,61.214917104043046,90.74510373234504,56.10017242842855,79.17648339777637,89.39718432612673,84.47906711561083,52.5263512742019,71.47449392582126,82.53176636589998,76.86275933086262,67.77355282975994,82.68567450815114,69.92158713012141,72.81989643179065,55.01606282399917,89.39718432612673,81.2032168226623,44.470622394070304,65.60401895893501,90.18370013494467,79.17648339777637,59.99197082725847,88.43137966543131,72.0431657292691,69.92158713012141,57.77849782098372,100.0,55.49462896018209,58.0328465342071,72.81989643179065,65.91671618599466
dailycaller,85.73724696291063,93.0588277992588,85.18493734841294,43.184056886618926,43.184056886618926,85.18493734841294,93.0588277992588,85.73724696291063,100.0,92.68336207140476,57.77849782098372,69.13107076215275,79.17648339777637,79.30542282081444,75.08042916287204,81.2032168226623,69.92158713012141,82.68567450815114,64.60682750121278,100.0,95.37255186617253,89.39718432612673,58.288746197337225,93.0588277992588,83.31549847893488,61.214917104043046,66.87251282013307,86.50878626788017,81.2032168226623,79.17648339777637,95.9925123614105,55.55481204523883,55.254706084068175,71.380813850743,64.60682750121278,51.798957780022256,76.17875275875589,61.214917104043046,90.74510373234504,56.10017242842855,79.17648339777637,89.39718432612673,84.47906711561083,52.5263512742019,71.47449392582126,82.53176636589998,76.86275933086262,67.77355282975994,82.68567450815114,69.92158713012141,72.81989643179065,55.01606282399917,89.39718432612673
dailykos,29.706945646358307,96.72790004498155,43.184056886618926,60.59869892038341,60.59869892038341,43.184056886618926,96.72790004498155,29.706945646358307,19.950497114563127,70.64213276976082,57.71514969506818,88.43137966543131,57.71514969506818,62.33530100583307,88.2022758337376,52.07741789299122,57.77849782098372,69.92158713012141,51.798957780022256,95.37255186617253,100.0,67.19729994922696,88.2022758337376,78.17237080795053,62.33530100583307,85.9261659403279,70.55110040483402,69.74413182725523,55.43452714881531,96.72790004498155,69.92158713012141,79.69715371057988,86.50878626788017,70.9169394469065,42.11064234081777,67.19729994922696,95.37255186617253,89.39718432612673,58.288746197337225,93.0588277992588,83.31549847893488,61.214917104043046,66.87251282013307,86.50878626788017,81.2032168226623,79.17648339777637,95.9925123614105,55.55481204523883,55.254706084068175,71.380813850743,64.60682750121278,51.798957780022256,76.17875275875589
dailymail,96.72790004498155,85.18493734841294,60.59869892038341,49.098070527897775,49.098070527897775,60.59869892038341,85.18493734841294,96.72790004498155,92.68336207140476,76.63253236019752,64.60682750121278,54.13220749020478,59.06604264065884,62.62064374430807,65.99533978278531,41.37550993724744,100.0,72.81989643179065,76.17875275875589,89.39718432612673,67.19729994922696,100.0,47.442292346098505,64.08134338628993,86.50878626788017,76.74736090592295,58.93547147218183,87.54021458143603,70.55110040483402,74.5490352639489,58.288746197337225,95.37255186617253,84.30755988829243,78.92097056791478,91.65774923946745,96.72790004498155,81.4902074646901,45.149609750772925,67.19729994922696,88.2022758337376,78.17237080795053,62.33530100583307,85.9261659403279,70.55110040483402,69.74413182725523,55.43452714881531,96.72790004498155,69.92158713012141,79.69715371057988,86.50878626788017,70.9169394469065,42.11064234081777,67.19729994922696
economist,93.0588277992588,43.184056886618926,49.098070527897775,93.0588277992588,93.0588277992588,49.098070527897775,43.184056886618926,93.0588277992588,52.3575055175118,86.31182382406062,39.79869600962677,76.74736090592295,45.93603597989274,90.18370013494467,70.27967623763807,45.98556779424933,55.49462896018209,55.01606282399917,61.214917104043046,58.288746197337225,88.2022758337376,47.442292346098505,100.0,81.34616021409988,63.343716998149176,46.73407185974886,58.288746197337225,54.54253464702508,43.514796995511794,64.91063717737747,53.89937456006816,91.34283725407558,55.49462896018209,64.53128168954052,94.33255663046423,83.63950022490779,83.80393153160384,90.460271283581,95.37255186617253,85.73724696291063,47.442292346098505,64.08134338628993,86.50878626788017,76.74736090592295,58.93547147218183,87.54021458143603,70.55110040483402,74.5490352639489,58.288746197337225,95.37255186617253,84.30755988829243,78.92097056791478,91.65774923946745
fox,96.72790004498155,60.59869892038341,93.0588277992588,90.18370013494467,90.18370013494467,93.0588277992588,60.59869892038341,96.72790004498155,85.73724696291063,73.51821764733582,79.17648339777637,72.0431657292691,39.39986077852898,64.60682750121278,48.574912595494524,51.301741893447364,58.0328465342071,89.39718432612673,90.74510373234504,93.0588277992588,78.17237080795053,64.08134338628993,81.34616021409988,100.0,76.86275933086262,94.33255663046423,56.344741615901064,53.66771166687151,69.13107076215275,62.62064374430807,50.430115518215366,74.13177852601804,59.5263588036405,93.0588277992588,55.31456603583993,76.86275933086262,69.0444817302466,64.08134338628993,58.0328465342071,84.30755988829243,67.77355282975994,64.53128168954052,81.34616021409988,63.343716998149176,46.73407185974886,58.288746197337225,54.54253464702508,43.514796995511794,64.91063717737747,53.89937456006816,91.34283725407558,55.49462896018209,64.53128168954052
globalresearch,85.18493734841294,49.098070527897775,90.18370013494467,64.53128168954052,64.53128168954052,90.18370013494467,49.098070527897775,85.18493734841294,29.706945646358307,100.0,72.91855412056492,52.3575055175118,59.99197082725847,86.11765559851757,49.839657525357275,47.18826617955006,72.81989643179065,81.2032168226623,56.10017242842855,83.31549847893488,62.33530100583307,86.50878626788017,63.343716998149176,76.86275933086262,100.0,43.70466376131162,46.58353196049138,42.71488341252054,39.79869600962677,41.83387889381298,52.30135641790498,59.394307421159766,30.974975831542785,58.09667494143695,68.52995033852136,41.01137916868797,88.2022758337376,46.58353196049138,86.31182382406062,81.4902074646901,76.63253236019752,67.77355282975994,97.68627593308626,79.17648339777637,76.86275933086262,94.33255663046423,56.344741615901064,53.66771166687151,69.13107076215275,62.62064374430807,50.430115518215366,74.13177852601804,59.5263588036405
guardian,43.184056886618926,93.0588277992588,64.53128168954052,74.65442273417506,74.65442273417506,64.53128168954052,93.0588277992588,43.184056886618926,96.72790004498155,19.950497114563127,92.68336207140476,69.92158713012141,81.92923735624956,90.460271283581,65.60401895893501,47.54424725811911,65.91671618599466,44.470622394070304,79.17648339777637,61.214917104043046,85.9261659403279,76.74736090592295,46.73407185974886,94.33255663046423,43.70466376131162,100.0,86.11765559851757,68.44501077874139,65.29413899629394,83.47670517273845,58.5462255330243,44.954758727717724,57.77849782098372,52.245273337296226,42.668177235509695,63.4168103570238,50.32223751362079,95.37255186617253,49.94649543680466,65.29413899629394,43.65713708654133,44.7605950162836,46.78434646098404,44.23013024409141,56.77606737954388,44.37430076468648,43.70466376131162,46.58353196049138,42.71488341252054,39.79869600962677,41.83387889381298,52.30135641790498,59.394307421159766
huffingtonpost,60.59869892038341,90.18370013494467,74.65442273417506,86.11765559851757,86.11765559851757,74.65442273417506,90.18370013494467,60.59869892038341,93.0588277992588,92.68336207140476,70.64213276976082,57.77849782098372,67.77355282975994,56.46754146080411,86.7086671508113,58.0328465342071,55.07560479208904,65.60401895893501,89.39718432612673,66.87251282013307,70.55110040483402,58.93547147218183,58.288746197337225,56.344741615901064,46.58353196049138,86.11765559851757,100.0,69.74413182725523,48.574912595494524,53.37975185101185,57.27434261810353,48.00551832937459,37.70107290718011,54.07388859505473,65.14023198407372,73.61948678444523,42.481731791280495,68.44501077874139,82.22794822168429,42.668177235509695,83.63950022490779,57.27434261810353,38.87212826905013,88.43137966543131,92.68336207140476,69.92158713012141,65.14023198407372,56.77606737954388,86.11765559851757,68.44501077874139,65.29413899629394,83.47670517273845,58.5462255330243
infowars,49.098070527897775,64.53128168954052,86.11765559851757,56.77606737954388,56.77606737954388,86.11765559851757,64.53128168954052,49.098070527897775,96.72790004498155,52.3575055175118,76.63253236019752,57.71514969506818,69.13107076215275,68.44501077874139,59.59254632331019,46.985921630633634,76.74736090592295,90.18370013494467,84.47906711561083,86.50878626788017,69.74413182725523,87.54021458143603,54.54253464702508,53.66771166687151,42.71488341252054,68.44501077874139,69.74413182725523,100.0,56.77606737954388,70.64213276976082,49.626661482439836,56.10017242842855,58.5462255330243,49.467503618184885,42.156898327156554,60.19318599644665,66.23230894309214,76.86275933086262,48.574912595494524,69.30498160652793,85.9261659403279,43.609650467986874,81.2032168226623,58.5462255330243,39.39986077852898,81.7817184788306,47.18826617955006,43.99067070674667,56.03924272863898,55.07560479208904,69.74413182725523,48.574912595494524,53.37975185101185
intercept,93.0588277992588,74.65442273417506,56.77606737954388,55.07560479208904,55.07560479208904,56.77606737954388,74.65442273417506,93.0588277992588,85.18493734841294,85.73724696291063,86.31182382406062,64.60682750121278,88.43137966543131,79.17648339777637,91.65774923946745,44.470622394070304,61.701051948629946,79.17648339777637,52.5263512742019,81.2032168226623,55.43452714881531,70.55110040483402,43.514796995511794,69.13107076215275,39.79869600962677,65.29413899629394,48.574912595494524,56.77606737954388,100.0,90.18370013494467,86.11765559851757,74.86652334390904,92.32624540163198,88.43137966543131,85.73724696291063,95.37255186617253,53.37975185101185,60.93984214730417,77.09530031487091,69.56771127565096,57.52567219503126,80.23153290665772,64.60682750121278,83.47670517273845,55.43452714881531,85.73724696291063,92.68336207140476,40.28977899466999,78.2953443453301,48.21184645147368,44.954758727717724,57.27434261810353,56.77606737954388
lewrockwell,90.18370013494467,86.11765559851757,55.07560479208904,65.14023198407372,65.14023198407372,55.07560479208904,86.11765559851757,90.18370013494467,43.184056886618926,29.706945646358307,73.51821764733582,39.79869600962677,54.13220749020478,57.71514969506818,79.30542282081444,67.52533519203436,87.97753708423154,59.99197082725847,71.47449392582126,79.17648339777637,96.72790004498155,74.5490352639489,64.91063717737747,62.62064374430807,41.83387889381298,83.47670517273845,53.37975185101185,70.64213276976082,90.18370013494467,100.0,87.54021458143603,79.04833747071848,74.65442273417506,68.78615581953284,89.91471060908508,79.17648339777637,74.86652334390904,88.66511326092844,64.91063717737747,58.80531416156176,69.13107076215275,66.23230894309214,54.837907920161214,75.40477579827355,64.60682750121278,87.97753708423154,61.07713662431957,74.86652334390904,51.85452095955154,50.32223751362079,78.92097056791478,43.65713708654133,90.18370013494467
mintpress,64.53128168954052,56.77606737954388,65.14023198407372,44.23013024409141,44.23013024409141,65.14023198407372,56.77606737954388,64.53128168954052,60.59869892038341,96.72790004498155,100.0,79.17648339777637,76.74736090592295,59.06604264065884,62.33530100583307,75.08042916287204,54.48369000704547,88.43137966543131,82.53176636589998,95.9925123614105,69.92158713012141,58.288746197337225,53.89937456006816,50.430115518215366,52.30135641790498,58.5462255330243,57.27434261810353,49.626661482439836,86.11765559851757,87.54021458143603,100.0,55.79636376831898,51.13712759378684,65.60401895893501,64.53128168954052,79.17648339777637,57.337036206360594,62.26430245273031,66.87251282013307,56.90009613627778,40.875408291018644,58.740389478505264,74.5490352639489,81.2032168226623,47.54424725811911,78.05008621421428,88.43137966543131,50.809551596547095,83.31549847893488,66.87251282013307,86.11765559851757,54.13220749020478,52.30135641790498
motherjones,74.65442273417506,55.07560479208904,44.23013024409141,76.63253236019752,76.63253236019752,44.23013024409141,55.07560479208904,74.65442273417506,49.098070527897775,93.0588277992588,19.950497114563127,72.91855412056492,72.0431657292691,45.93603597989274,62.62064374430807,88.2022758337376,81.2032168226623,72.0431657292691,76.86275933086262,55.55481204523883,79.69715371057988,95.37255186617253,91.34283725407558,74.13177852601804,59.394307421159766,44.954758727717724,48.00551832937459,56.10017242842855,74.86652334390904,79.04833747071848,55.79636376831898,100.0,46.58353196049138,86.11765559851757,73.51821764733582,95.37255186617253,90.18370013494467,80.09659299822333,88.43137966543131,89.39718432612673,90.74510373234504,90.18370013494467,50.16085832574409,62.052103792799485,82.37920247680829,73.72114617304926,57.39982205906211,85.18493734841294,68.44501077874139,79.17648339777637,58.288746197337225,90.74510373234504,59.99197082725847
nationalreview,86.11765559851757,65.14023198407372,76.63253236019752,64.08134338628993,64.08134338628993,76.63253236019752,65.14023198407372,86.11765559851757,93.0588277992588,96.72790004498155,92.68336207140476,92.68336207140476,52.3575055175118,39.39986077852898,90.18370013494467,65.99533978278531,52.07741789299122,69.92158713012141,67.77355282975994,55.254706084068175,86.50878626788017,84.30755988829243,55.49462896018209,59.5263588036405,30.974975831542785,57.77849782098372,37.70107290718011,58.5462255330243,92.32624540163198,74.65442273417506,51.13712759378684,46.58353196049138,100.0,72.0431657292691,44.37430076468648,83.47670517273845,70.73344828561903,95.9925123614105,93.0588277992588,80.23153290665772,85.73724696291063,92.68336207140476,92.32624540163198,88.43137966543131,49.57355304542539,64.60682750121278,83.15583453939496,74.44408238678304,60.46306581331544,84.30755988829243,68.19155297838017,76.63253236019752,55.97839736073509
nbc,56.77606737954388,44.23013024409141,64.08134338628993,94.33255663046423,94.33255663046423,64.08134338628993,44.23013024409141,56.77606737954388,90.18370013494467,85.18493734841294,52.3575055175118,70.64213276976082,69.92158713012141,59.99197082725847,64.60682750121278,70.27967623763807,41.37550993724744,57.77849782098372,82.68567450815114,71.380813850743,70.9169394469065,78.92097056791478,64.53128168954052,93.0588277992588,58.09667494143695,52.245273337296226,54.07388859505473,49.467503618184885,88.43137966543131,68.78615581953284,65.60401895893501,86.11765559851757,72.0431657292691,100.0,25.492336884351076,83.47670517273845,27.67992865403075,72.0431657292691,81.34616021409988,53.609976705740166,49.098070527897775,40.46935901341151,69.74413182725523,53.2078265663297,48.993009674177976,67.60786306320767,57.21174088873189,32.108853973589135,41.37550993724744,36.678313554485385,31.324865563031047,47.18826617955006,35.46410125379265
neweasternoutlook,55.07560479208904,76.63253236019752,94.33255663046423,100.0,100.0,94.33255663046423,76.63253236019752,55.07560479208904,64.53128168954052,43.184056886618926,85.73724696291063,76.63253236019752,57.77849782098372,81.92923735624956,86.11765559851757,48.574912595494524,45.98556779424933,100.0,69.92158713012141,64.60682750121278,42.11064234081777,91.65774923946745,94.33255663046423,55.31456603583993,68.52995033852136,42.668177235509695,65.14023198407372,42.156898327156554,85.73724696291063,89.91471060908508,64.53128168954052,73.51821764733582,44.37430076468648,25.492336884351076,100.0,49.467503618184885,49.15068235536436,83.80393153160384,52.30135641790498,80.09659299822333,90.460271283581,65.83827354181504,60.59869892038341,58.09667494143695,78.66851810318029,63.49005004938866,61.701051948629946,75.2961870839539,62.836088514306134,44.61541893154305,57.337036206360594,55.07560479208904,39.79869600962677
npr,65.14023198407372,64.08134338628993,100.0,84.30755988829243,84.30755988829243,100.0,64.08134338628993,65.14023198407372,74.65442273417506,60.59869892038341,29.706945646358307,86.31182382406062,57.71514969506818,67.77355282975994,90.460271283581,49.839657525357275,51.301741893447364,55.49462896018209,72.81989643179065,51.798957780022256,67.19729994922696,96.72790004498155,83.63950022490779,76.86275933086262,41.01137916868797,63.4168103570238,73.61948678444523,60.19318599644665,95.37255186617253,79.17648339777637,79.17648339777637,95.37255186617253,83.47670517273845,83.47670517273845,49.467503618184885,100.0,44.3262024424831,74.44408238678304,72.0431657292691,41.10220080966804,80.09659299822333,44.61541893154305,47.748753895375074,45.39415127293207,43.184056886618926,52.75241755275506,45.052097868907346,45.54140326789554,44.61541893154305,43.942901547280364,54.837907920161214,49.41456227691635,48.83582289069872
nypost,44.23013024409141,94.33255663046423,84.30755988829243,78.92097056791478,78.92097056791478,84.30755988829243,94.33255663046423,44.23013024409141,86.11765559851757,49.098070527897775,96.72790004498155,73.51821764733582,64.60682750121278,69.13107076215275,56.46754146080411,65.60401895893501,47.18826617955006,58.0328465342071,55.01606282399917,76.17875275875589,95.37255186617253,81.4902074646901,83.80393153160384,69.0444817302466,88.2022758337376,50.32223751362079,42.481731791280495,66.23230894309214,53.37975185101185,74.86652334390904,57.337036206360594,90.18370013494467,70.73344828561903,27.67992865403075,49.15068235536436,44.3262024424831,100.0,71.00912053632923,76.74736090592295,70.36987469682589,69.47988341994812,59.00070507735315,57.337036206360594,69.92158713012141,60.32789641324954,85.18493734841294,85.18493734841294,97.68627593308626,72.0431657292691,80.92054256716199,87.54021458143603,72.91855412056492,43.847485140436206
nytimes,76.63253236019752,100.0,78.92097056791478,91.65774923946745,91.65774923946745,78.92097056791478,100.0,76.63253236019752,56.77606737954388,93.0588277992588,93.0588277992588,100.0,39.79869600962677,88.43137966543131,68.44501077874139,86.7086671508113,47.54424725811911,72.81989643179065,89.39718432612673,61.214917104043046,89.39718432612673,45.149609750772925,90.460271283581,64.08134338628993,46.58353196049138,95.37255186617253,68.44501077874139,76.86275933086262,60.93984214730417,88.66511326092844,62.26430245273031,80.09659299822333,95.9925123614105,72.0431657292691,83.80393153160384,74.44408238678304,71.00912053632923,100.0,66.87251282013307,74.86652334390904,85.73724696291063,58.5462255330243,57.27434261810353,65.29413899629394,46.58353196049138,76.86275933086262,64.53128168954052,95.37255186617253,96.72790004498155,86.50878626788017,79.17648339777637,89.39718432612673,100.0
pbs,64.08134338628993,84.30755988829243,91.65774923946745,96.72790004498155,96.72790004498155,91.65774923946745,84.30755988829243,64.08134338628993,55.07560479208904,90.18370013494467,96.72790004498155,19.950497114563127,79.17648339777637,54.13220749020478,79.17648339777637,59.59254632331019,58.0328465342071,65.91671618599466,81.2032168226623,90.74510373234504,58.288746197337225,67.19729994922696,95.37255186617253,58.0328465342071,86.31182382406062,49.94649543680466,82.22794822168429,48.574912595494524,77.09530031487091,64.91063717737747,66.87251282013307,88.43137966543131,93.0588277992588,81.34616021409988,52.30135641790498,72.0431657292691,76.74736090592295,66.87251282013307,100.0,94.82635570520361,67.77355282975994,79.69715371057988,89.39718432612673,59.394307421159766,58.224624324274885,69.8327289960014,49.098070527897775,81.34616021409988,69.47988341994812,97.68627593308626,93.0588277992588,85.18493734841294,83.63950022490779
pjmedia,94.33255663046423,78.92097056791478,96.72790004498155,81.4902074646901,81.4902074646901,96.72790004498155,78.92097056791478,94.33255663046423,65.14023198407372,64.53128168954052,85.18493734841294,92.68336207140476,72.91855412056492,76.74736090592295,57.71514969506818,91.65774923946745,46.985921630633634,55.07560479208904,44.470622394070304,56.10017242842855,93.0588277992588,88.2022758337376,85.73724696291063,84.30755988829243,81.4902074646901,65.29413899629394,42.668177235509695,69.30498160652793,69.56771127565096,58.80531416156176,56.90009613627778,89.39718432612673,80.23153290665772,53.609976705740166,80.09659299822333,41.10220080966804,70.36987469682589,74.86652334390904,94.82635570520361,100.0,92.32624540163198,90.74510373234504,66.87251282013307,74.86652334390904,85.73724696291063,58.5462255330243,57.27434261810353,65.29413899629394,46.58353196049138,76.86275933086262,64.53128168954052,95.37255186617253,96.72790004498155
rawstory,100.0,91.65774923946745,81.4902074646901,45.149609750772925,45.149609750772925,81.4902074646901,91.65774923946745,100.0,44.23013024409141,74.65442273417506,43.184056886618926,52.3575055175118,92.68336207140476,72.0431657292691,59.06604264065884,79.30542282081444,44.470622394070304,76.74736090592295,65.60401895893501,79.17648339777637,83.31549847893488,78.17237080795053,47.442292346098505,67.77355282975994,76.63253236019752,43.65713708654133,83.63950022490779,85.9261659403279,57.52567219503126,69.13107076215275,40.875408291018644,90.74510373234504,85.73724696291063,49.098070527897775,90.460271283581,80.09659299822333,69.47988341994812,85.73724696291063,67.77355282975994,92.32624540163198,100.0,9.232395481765698,28.686234814553135,28.723778257631828,52.3575055175118,33.14178125857501,27.016765880602645,63.71065599624735,58.224624324274885,19.05271760728101,56.714186270377844,24.351483340351344,24.88410097098018
redstate,84.30755988829243,96.72790004498155,45.149609750772925,67.19729994922696,67.19729994922696,45.149609750772925,96.72790004498155,84.30755988829243,76.63253236019752,86.11765559851757,60.59869892038341,85.73724696291063,70.64213276976082,52.3575055175118,45.93603597989274,62.33530100583307,67.52533519203436,61.701051948629946,90.18370013494467,89.39718432612673,61.214917104043046,62.33530100583307,64.08134338628993,64.53128168954052,67.77355282975994,44.7605950162836,57.27434261810353,43.609650467986874,80.23153290665772,66.23230894309214,58.740389478505264,90.18370013494467,92.68336207140476,40.46935901341151,65.83827354181504,44.61541893154305,59.00070507735315,58.5462255330243,79.69715371057988,90.74510373234504,9.232395481765698,100.0,73.61948678444523,62.836088514306134,92.32624540163198,95.37255186617253,61.491956956825376,86.50878626788017,96.72790004498155,53.437201346832495,52.30135641790498,79.17648339777637,45.98556779424933
