,aljazeera,alternet,americanconservative,ap,atlantic,bbc,breitbart,businessinsider,buzzfeed,cbs,cnn,commondreams,conversation,counterpunch,dailycaller,dailykos,dailymail,dailywire,economist,eff,federalist,fox,guardian,huffingtonpost,infowars,intercept,lewrockwell,mintpress,nationalreview,nbc,npr,nypost,nytimes,pjmedia,rawstory,redstate,rt,slate,spectator,techcrunch,time,usatoday,verge,vice,vox,wapo,wsj
aljazeera,100.0,74.5490352639489,56.03924272863898,80.09659299822333,38.91593183736332,16.449248648549762,74.5490352639489,76.17875275875589,64.08134338628993,6.3870559289766815,65.99533978278531,44.27814563806055,35.05067038406874,39.66545799200283,91.65774923946745,86.50878626788017,27.34759060425852,94.82635570520361,71.380813850743,88.43137966543131,67.77355282975994,43.27835727213709,83.15583453939496,11.865636934900392,85.73724696291063,69.56771127565096,93.0588277992588,97.68627593308626,93.0588277992588,44.27814563806055,60.66669086246645,67.52533519203436,71.380813850743,83.80393153160384,91.65774923946745,34.844938701218574,24.919743155206998,79.17648339777637,80.36740026988936,83.15583453939496,71.380813850743,67.69060173457126,29.02484072997997,90.460271283581,82.37920247680829,39.84317426024282,74.44408238678304
alternet,74.5490352639489,100.0,16.449248648549762,74.5490352639489,76.17875275875589,64.08134338628993,6.3870559289766815,65.99533978278531,44.27814563806055,35.05067038406874,39.66545799200283,91.65774923946745,86.50878626788017,27.34759060425852,94.82635570520361,71.380813850743,88.43137966543131,67.77355282975994,43.27835727213709,83.15583453939496,11.865636934900392,85.73724696291063,69.56771127565096,93.0588277992588,97.68627593308626,93.0588277992588,44.27814563806055,60.66669086246645,67.52533519203436,71.380813850743,83.80393153160384,91.65774923946745,34.844938701218574,24.919743155206998,79.17648339777637,80.36740026988936,83.15583453939496,71.380813850743,67.69060173457126,29.02484072997997,90.460271283581,82.37920247680829,39.84317426024282,74.44408238678304,78.17237080795053,36.72059849171886,97.68627593308626
americanconservative,56.03924272863898,16.449248648549762,100.0,64.08134338628993,6.3870559289766815,65.99533978278531,44.27814563806055,35.05067038406874,39.66545799200283,91.65774923946745,86.50878626788017,27.34759060425852,94.82635570520361,71.380813850743,88.43137966543131,67.77355282975994,43.27835727213709,83.15583453939496,11.865636934900392,85.73724696291063,69.56771127565096,93.0588277992588,97.68627593308626,93.0588277992588,44.27814563806055,60.66669086246645,67.52533519203436,71.380813850743,83.80393153160384,91.65774923946745,34.844938701218574,24.919743155206998,79.17648339777637,80.36740026988936,83.15583453939496,71.380813850743,67.69060173457126,29.02484072997997,90.460271283581,82.37920247680829,39.84317426024282,74.44408238678304,78.17237080795053,36.72059849171886,97.68627593308626,24.351483340351344,32.70283867121731
ap,80.09659299822333,74.5490352639489,64.08134338628993,100.0,65.99533978278531,44.27814563806055,35.05067038406874,39.66545799200283,91.65774923946745,86.50878626788017,27.34759060425852,94.82635570520361,71.380813850743,88.43137966543131,67.77355282975994,43.27835727213709,83.15583453939496,11.865636934900392,85.73724696291063,69.56771127565096,93.0588277992588,97.68627593308626,93.0588277992588,44.27814563806055,60.66669086246645,67.52533519203436,71.380813850743,83.80393153160384,91.65774923946745,34.844938701218574,24.919743155206998,79.17648339777637,80.36740026988936,83.15583453939496,71.380813850743,67.69060173457126,29.02484072997997,90.460271283581,82.37920247680829,39.84317426024282,74.44408238678304,78.17237080795053,36.72059849171886,97.68627593308626,24.351483340351344,32.70283867121731,26.505109501842316
atlantic,38.91593183736332,76.17875275875589,6.3870559289766815,65.99533978278531,100.0,44.27814563806055,35.05067038406874,39.66545799200283,91.65774923946745,86.50878626788017,27.34759060425852,94.82635570520361,71.380813850743,88.43137966543131,67.77355282975994,43.27835727213709,83.15583453939496,11.865636934900392,85.73724696291063,69.56771127565096,93.0588277992588,97.68627593308626,93.0588277992588,44.27814563806055,60.66669086246645,67.52533519203436,71.380813850743,83.80393153160384,91.65774923946745,34.844938701218574,24.919743155206998,79.17648339777637,80.36740026988936,83.15583453939496,71.380813850743,67.69060173457126,29.02484072997997,90.460271283581,82.37920247680829,39.84317426024282,74.44408238678304,78.17237080795053,36.72059849171886,97.68627593308626,24.351483340351344,32.70283867121731,26.505109501842316
bbc,16.449248648549762,64.08134338628993,65.99533978278531,44.27814563806055,44.27814563806055,100.0,44.27814563806055,35.05067038406874,39.66545799200283,91.65774923946745,86.50878626788017,27.34759060425852,94.82635570520361,71.380813850743,88.43137966543131,67.77355282975994,43.27835727213709,83.15583453939496,11.865636934900392,85.73724696291063,69.56771127565096,93.0588277992588,97.68627593308626,93.0588277992588,44.27814563806055,60.66669086246645,67.52533519203436,71.380813850743,83.80393153160384,91.65774923946745,34.844938701218574,24.919743155206998,79.17648339777637,80.36740026988936,83.15583453939496,71.380813850743,67.69060173457126,29.02484072997997,90.460271283581,82.37920247680829,39.84317426024282,74.44408238678304,78.17237080795053,36.72059849171886,97.68627593308626,24.351483340351344,32.70283867121731
breitbart,74.5490352639489,6.3870559289766815,44.27814563806055,35.05067038406874,35.05067038406874,44.27814563806055,100.0,65.99533978278531,44.27814563806055,35.05067038406874,39.66545799200283,91.65774923946745,86.50878626788017,27.34759060425852,94.82635570520361,71.380813850743,88.43137966543131,67.77355282975994,43.27835727213709,83.15583453939496,11.865636934900392,85.73724696291063,69.56771127565096,93.0588277992588,97.68627593308626,93.0588277992588,44.27814563806055,60.66669086246645,67.52533519203436,71.380813850743,83.80393153160384,91.65774923946745,34.844938701218574,24.919743155206998,79.17648339777637,80.36740026988936,83.15583453939496,71.380813850743,67.69060173457126,29.02484072997997,90.460271283581,82.37920247680829,39.84317426024282,74.44408238678304,78.17237080795053,36.72059849171886,97.68627593308626
businessinsider,76.17875275875589,65.99533978278531,35.05067038406874,39.66545799200283,39.66545799200283,35.05067038406874,65.99533978278531,100.0,64.08134338628993,6.3870559289766815,65.99533978278531,44.27814563806055,35.05067038406874,39.66545799200283,91.65774923946745,86.50878626788017,27.34759060425852,94.82635570520361,71.380813850743,88.43137966543131,67.77355282975994,43.27835727213709,83.15583453939496,11.865636934900392,85.73724696291063,69.56771127565096,93.0588277992588,97.68627593308626,93.0588277992588,44.27814563806055,60.66669086246645,67.52533519203436,71.380813850743,83.80393153160384,91.65774923946745,34.844938701218574,24.919743155206998,79.17648339777637,80.36740026988936,83.15583453939496,71.380813850743,67.69060173457126,29.02484072997997,90.460271283581,82.37920247680829,39.84317426024282,74.44408238678304
buzzfeed,64.08134338628993,44.27814563806055,39.66545799200283,91.65774923946745,91.65774923946745,39.66545799200283,44.27814563806055,64.08134338628993,100.0,16.449248648549762,74.5490352639489,76.17875275875589,64.08134338628993,6.3870559289766815,65.99533978278531,44.27814563806055,35.05067038406874,39.66545799200283,91.65774923946745,86.50878626788017,27.34759060425852,94.82635570520361,71.380813850743,88.43137966543131,67.77355282975994,43.27835727213709,83.15583453939496,11.865636934900392,85.73724696291063,69.56771127565096,93.0588277992588,97.68627593308626,93.0588277992588,44.27814563806055,60.66669086246645,67.52533519203436,71.380813850743,83.80393153160384,91.65774923946745,34.844938701218574,24.919743155206998,79.17648339777637,80.36740026988936,83.15583453939496,71.380813850743,67.69060173457126,29.02484072997997
cbs,6.3870559289766815,35.05067038406874,91.65774923946745,86.50878626788017,86.50878626788017,91.65774923946745,35.05067038406874,6.3870559289766815,16.449248648549762,100.0,74.5490352639489,56.03924272863898,80.09659299822333,38.91593183736332,16.449248648549762,74.5490352639489,76.17875275875589,64.08134338628993,6.3870559289766815,65.99533978278531,44.27814563806055,35.05067038406874,39.66545799200283,91.65774923946745,86.50878626788017,27.34759060425852,94.82635570520361,71.380813850743,88.43137966543131,67.77355282975994,43.27835727213709,83.15583453939496,11.865636934900392,85.73724696291063,69.56771127565096,93.0588277992588,97.68627593308626,93.0588277992588,44.27814563806055,60.66669086246645,67.52533519203436,71.380813850743,83.80393153160384,91.65774923946745,34.844938701218574,24.919743155206998,79.17648339777637
cnn,65.99533978278531,39.66545799200283,86.50878626788017,27.34759060425852,27.34759060425852,86.50878626788017,39.66545799200283,65.99533978278531,74.5490352639489,74.5490352639489,100.0,56.77606737954388,80.36740026988936,42.156898327156554,78.66851810318029,39.39986077852898,74.5490352639489,56.03924272863898,80.09659299822333,38.91593183736332,16.449248648549762,74.5490352639489,76.17875275875589,64.08134338628993,6.3870559289766815,65.99533978278531,44.27814563806055,35.05067038406874,39.66545799200283,91.65774923946745,86.50878626788017,27.34759060425852,94.82635570520361,71.380813850743,88.43137966543131,67.77355282975994,43.27835727213709,83.15583453939496,11.865636934900392,85.73724696291063,69.56771127565096,93.0588277992588,97.68627593308626,93.0588277992588,44.27814563806055,60.66669086246645,67.52533519203436
commondreams,44.27814563806055,91.65774923946745,27.34759060425852,94.82635570520361,94.82635570520361,27.34759060425852,91.65774923946745,44.27814563806055,76.17875275875589,56.03924272863898,56.77606737954388,100.0,44.37430076468648,89.65271141040722,87.54021458143603,44.954758727717724,83.15583453939496,36.80525324735749,56.77606737954388,80.36740026988936,42.156898327156554,78.66851810318029,39.39986077852898,74.5490352639489,56.03924272863898,80.09659299822333,38.91593183736332,16.449248648549762,74.5490352639489,76.17875275875589,64.08134338628993,6.3870559289766815,65.99533978278531,44.27814563806055,35.05067038406874,39.66545799200283,91.65774923946745,86.50878626788017,27.34759060425852,94.82635570520361,71.380813850743,88.43137966543131,67.77355282975994,43.27835727213709,83.15583453939496,11.865636934900392,85.73724696291063
conversation,35.05067038406874,86.50878626788017,94.82635570520361,71.380813850743,71.380813850743,94.82635570520361,86.50878626788017,35.05067038406874,64.08134338628993,80.09659299822333,80.36740026988936,44.37430076468648,100.0,31.13026292176775,91.65774923946745,41.42118543312815,83.80393153160384,83.63950022490779,40.33462332769919,90.74510373234504,44.37430076468648,89.65271141040722,87.54021458143603,44.954758727717724,83.15583453939496,36.80525324735749,56.77606737954388,80.36740026988936,42.156898327156554,78.66851810318029,39.39986077852898,74.5490352639489,56.03924272863898,80.09659299822333,38.91593183736332,16.449248648549762,74.5490352639489,76.17875275875589,64.08134338628993,6.3870559289766815,65.99533978278531,44.27814563806055,35.05067038406874,39.66545799200283,91.65774923946745,86.50878626788017,27.34759060425852
counterpunch,39.66545799200283,27.34759060425852,71.380813850743,88.43137966543131,88.43137966543131,71.380813850743,27.34759060425852,39.66545799200283,6.3870559289766815,38.91593183736332,42.156898327156554,89.65271141040722,31.13026292176775,100.0,65.76001060657772,69.8327289960014,33.987866925374256,39.79869600962677,70.64213276976082,36.00555430954088,49.73304668781806,87.54021458143603,31.13026292176775,91.65774923946745,41.42118543312815,83.80393153160384,83.63950022490779,40.33462332769919,90.74510373234504,44.37430076468648,89.65271141040722,87.54021458143603,44.954758727717724,83.15583453939496,36.80525324735749,56.77606737954388,80.36740026988936,42.156898327156554,78.66851810318029,39.39986077852898,74.5490352639489,56.03924272863898,80.09659299822333,38.91593183736332,16.449248648549762,74.5490352639489,76.17875275875589
dailycaller,91.65774923946745,94.82635570520361,88.43137966543131,67.77355282975994,67.77355282975994,88.43137966543131,94.82635570520361,91.65774923946745,65.99533978278531,16.449248648549762,78.66851810318029,87.54021458143603,91.65774923946745,65.76001060657772,100.0,85.73724696291063,60.66669086246645,73.01757253576034,59.262684085436945,72.0431657292691,76.29138340031912,67.69060173457126,68.87202625507615,88.2022758337376,65.76001060657772,69.8327289960014,33.987866925374256,39.79869600962677,70.64213276976082,36.00555430954088,49.73304668781806,87.54021458143603,31.13026292176775,91.65774923946745,41.42118543312815,83.80393153160384,83.63950022490779,40.33462332769919,90.74510373234504,44.37430076468648,89.65271141040722,87.54021458143603,44.954758727717724,83.15583453939496,36.80525324735749,56.77606737954388,80.36740026988936
dailykos,86.50878626788017,71.380813850743,67.77355282975994,43.27835727213709,43.27835727213709,67.77355282975994,71.380813850743,86.50878626788017,44.27814563806055,74.5490352639489,39.39986077852898,44.954758727717724,41.42118543312815,69.8327289960014,85.73724696291063,100.0,68.19155297838017,78.2953443453301,46.58353196049138,84.30755988829243,81.2032168226623,54.54253464702508,76.40455166747519,80.23153290665772,56.03924272863898,74.13177852601804,85.73724696291063,60.66669086246645,73.01757253576034,59.262684085436945,72.0431657292691,76.29138340031912,67.69060173457126,68.87202625507615,88.2022758337376,65.76001060657772,69.8327289960014,33.987866925374256,39.79869600962677,70.64213276976082,36.00555430954088,49.73304668781806,87.54021458143603,31.13026292176775,91.65774923946745,41.42118543312815,83.80393153160384
dailymail,27.34759060425852,88.43137966543131,43.27835727213709,83.15583453939496,83.15583453939496,43.27835727213709,88.43137966543131,27.34759060425852,35.05067038406874,76.17875275875589,74.5490352639489,83.15583453939496,83.80393153160384,33.987866925374256,60.66669086246645,68.19155297838017,100.0,36.72059849171886,81.7817184788306,76.74736090592295,39.84317426024282,80.23153290665772,80.09659299822333,70.18975069548344,37.91626846244333,80.64199560783423,76.74736090592295,47.18826617955006,68.19155297838017,78.2953443453301,46.58353196049138,84.30755988829243,81.2032168226623,54.54253464702508,76.40455166747519,80.23153290665772,56.03924272863898,74.13177852601804,85.73724696291063,60.66669086246645,73.01757253576034,59.262684085436945,72.0431657292691,76.29138340031912,67.69060173457126,68.87202625507615,88.2022758337376
dailywire,94.82635570520361,67.77355282975994,83.15583453939496,11.865636934900392,11.865636934900392,83.15583453939496,67.77355282975994,94.82635570520361,39.66545799200283,64.08134338628993,56.03924272863898,36.80525324735749,83.63950022490779,39.79869600962677,73.01757253576034,78.2953443453301,36.72059849171886,100.0,80.23153290665772,30.088768428915035,79.69715371057988,70.9169394469065,32.90200205950161,78.2953443453301,81.34616021409988,79.17648339777637,65.76001060657772,34.190919184560705,85.18493734841294,84.30755988829243,36.72059849171886,81.7817184788306,76.74736090592295,39.84317426024282,80.23153290665772,80.09659299822333,70.18975069548344,37.91626846244333,80.64199560783423,76.74736090592295,47.18826617955006,68.19155297838017,78.2953443453301,46.58353196049138,84.30755988829243,81.2032168226623,54.54253464702508
economist,71.380813850743,43.27835727213709,11.865636934900392,85.73724696291063,85.73724696291063,11.865636934900392,43.27835727213709,71.380813850743,91.65774923946745,6.3870559289766815,80.09659299822333,56.77606737954388,40.33462332769919,70.64213276976082,59.262684085436945,46.58353196049138,81.7817184788306,80.23153290665772,100.0,33.825873717189424,42.156898327156554,34.844938701218574,45.98556779424933,44.08633145853821,46.18415093786615,26.178060165987716,93.0588277992588,77.09530031487091,72.23531119703514,59.5263588036405,27.34759060425852,82.68567450815114,80.23153290665772,30.088768428915035,79.69715371057988,70.9169394469065,32.90200205950161,78.2953443453301,81.34616021409988,79.17648339777637,65.76001060657772,34.190919184560705,85.18493734841294,84.30755988829243,36.72059849171886,81.7817184788306,76.74736090592295
eff,88.43137966543131,83.15583453939496,85.73724696291063,69.56771127565096,69.56771127565096,85.73724696291063,83.15583453939496,88.43137966543131,86.50878626788017,65.99533978278531,38.91593183736332,80.36740026988936,90.74510373234504,36.00555430954088,72.0431657292691,84.30755988829243,76.74736090592295,30.088768428915035,33.825873717189424,100.0,63.125306229268496,38.34891297755366,42.808410195855885,74.97324771840232,37.44381540356394,53.37975185101185,65.29413899629394,36.97490388028466,29.897597080592554,34.51711242385158,26.25061245853699,45.3451554364918,47.748753895375074,54.190600629741816,33.825873717189424,42.156898327156554,34.844938701218574,45.98556779424933,44.08633145853821,46.18415093786615,26.178060165987716,93.0588277992588,77.09530031487091,72.23531119703514,59.5263588036405,27.34759060425852,82.68567450815114
federalist,67.77355282975994,11.865636934900392,69.56771127565096,93.0588277992588,93.0588277992588,69.56771127565096,11.865636934900392,67.77355282975994,27.34759060425852,44.27814563806055,16.449248648549762,42.156898327156554,44.37430076468648,49.73304668781806,76.29138340031912,81.2032168226623,39.84317426024282,79.69715371057988,42.156898327156554,63.125306229268496,100.0,64.91063717737747,26.83362071404759,92.68336207140476,85.18493734841294,34.844938701218574,80.23153290665772,76.40455166747519,33.382423498529036,90.18370013494467,43.99067070674667,24.457706444457926,30.54972663054466,36.29901220683928,47.54424725811911,64.60682750121278,63.125306229268496,38.34891297755366,42.808410195855885,74.97324771840232,37.44381540356394,53.37975185101185,65.29413899629394,36.97490388028466,29.897597080592554,34.51711242385158,26.25061245853699
fox,43.27835727213709,85.73724696291063,93.0588277992588,97.68627593308626,97.68627593308626,93.0588277992588,85.73724696291063,43.27835727213709,94.82635570520361,35.05067038406874,74.5490352639489,78.66851810318029,89.65271141040722,87.54021458143603,67.69060173457126,54.54253464702508,80.23153290665772,70.9169394469065,34.844938701218574,38.34891297755366,64.91063717737747,100.0,82.37920247680829,72.81989643179065,38.34891297755366,91.34283725407558,92.32624540163198,42.34229336069948,86.31182382406062,84.30755988829243,44.03848064229966,84.30755988829243,31.59823937550256,27.716949424998216,84.30755988829243,83.80393153160384,78.2953443453301,70.18975069548344,64.91063717737747,26.83362071404759,92.68336207140476,85.18493734841294,34.844938701218574,80.23153290665772,76.40455166747519,33.382423498529036,90.18370013494467
guardian,83.15583453939496,69.56771127565096,97.68627593308626,93.0588277992588,93.0588277992588,97.68627593308626,69.56771127565096,83.15583453939496,71.380813850743,39.66545799200283,76.17875275875589,39.39986077852898,87.54021458143603,31.13026292176775,68.87202625507615,76.40455166747519,80.09659299822333,32.90200205950161,45.98556779424933,42.808410195855885,26.83362071404759,82.37920247680829,100.0,80.09659299822333,100.0,81.2032168226623,54.54253464702508,76.40455166747519,80.23153290665772,56.03924272863898,74.13177852601804,85.73724696291063,60.66669086246645,73.01757253576034,86.50878626788017,37.91626846244333,38.522823301504914,86.50878626788017,91.65774923946745,81.7817184788306,82.37920247680829,72.81989643179065,38.34891297755366,91.34283725407558,92.32624540163198,42.34229336069948,86.31182382406062
huffingtonpost,11.865636934900392,93.0588277992588,93.0588277992588,44.27814563806055,44.27814563806055,93.0588277992588,93.0588277992588,11.865636934900392,88.43137966543131,91.65774923946745,64.08134338628993,74.5490352639489,44.954758727717724,91.65774923946745,88.2022758337376,80.23153290665772,70.18975069548344,78.2953443453301,44.08633145853821,74.97324771840232,92.68336207140476,72.81989643179065,80.09659299822333,100.0,75.40477579827355,72.62364764812122,91.34283725407558,83.63950022490779,57.84194113582954,74.44408238678304,80.78076445356649,56.52907146829052,76.74736090592295,86.11765559851757,62.052103792799485,69.13107076215275,82.37920247680829,70.18975069548344,47.54424725811911,45.3451554364918,72.23531119703514,79.17648339777637,80.09659299822333,100.0,81.2032168226623,54.54253464702508,76.40455166747519
infowars,85.73724696291063,97.68627593308626,44.27814563806055,60.66669086246645,60.66669086246645,44.27814563806055,97.68627593308626,85.73724696291063,67.77355282975994,86.50878626788017,6.3870559289766815,56.03924272863898,83.15583453939496,41.42118543312815,65.76001060657772,56.03924272863898,37.91626846244333,81.34616021409988,46.18415093786615,37.44381540356394,85.18493734841294,38.34891297755366,100.0,75.40477579827355,100.0,49.73304668781806,56.03924272863898,66.7918123663747,73.01757253576034,85.00535427466639,61.422510474723666,61.84108513432398,63.784489936425274,79.17648339777637,55.07560479208904,76.17875275875589,71.380813850743,62.9804149293802,91.34283725407558,80.09659299822333,67.60786306320767,51.798957780022256,53.49472181184589,68.78615581953284,75.40477579827355,72.62364764812122,91.34283725407558
intercept,69.56771127565096,93.0588277992588,60.66669086246645,67.52533519203436,67.52533519203436,60.66669086246645,93.0588277992588,69.56771127565096,43.27835727213709,27.34759060425852,65.99533978278531,80.09659299822333,36.80525324735749,83.80393153160384,69.8327289960014,74.13177852601804,80.64199560783423,79.17648339777637,26.178060165987716,53.37975185101185,34.844938701218574,91.34283725407558,81.2032168226623,72.62364764812122,49.73304668781806,100.0,53.2078265663297,56.03924272863898,55.856958226182826,38.91593183736332,49.25606965548075,43.942901547280364,23.08824823938471,53.2078265663297,59.00070507735315,14.674072412721173,69.13107076215275,50.32223751362079,21.74275112079822,44.03848064229966,72.0431657292691,73.01757253576034,61.98163410126261,55.49462896018209,67.44301651799513,37.48661813494996,49.73304668781806
lewrockwell,93.0588277992588,44.27814563806055,67.52533519203436,71.380813850743,71.380813850743,67.52533519203436,44.27814563806055,93.0588277992588,83.15583453939496,94.82635570520361,44.27814563806055,38.91593183736332,56.77606737954388,83.63950022490779,33.987866925374256,85.73724696291063,76.74736090592295,65.76001060657772,93.0588277992588,65.29413899629394,80.23153290665772,92.32624540163198,54.54253464702508,91.34283725407558,56.03924272863898,53.2078265663297,100.0,28.38659582600769,20.858460353335673,80.36740026988936,79.17648339777637,78.54340569959523,65.99533978278531,61.14596579112963,22.6371490530622,86.91160017992622,78.66851810318029,32.90200205950161,72.91855412056492,72.0431657292691,30.088768428915035,90.74510373234504,29.17585187823685,54.601455560127256,49.25606965548075,56.77606737954388,51.41179459481151
mintpress,97.68627593308626,60.66669086246645,71.380813850743,83.80393153160384,83.80393153160384,71.380813850743,60.66669086246645,97.68627593308626,11.865636934900392,71.380813850743,35.05067038406874,16.449248648549762,80.36740026988936,40.33462332769919,39.79869600962677,60.66669086246645,47.18826617955006,34.190919184560705,77.09530031487091,36.97490388028466,76.40455166747519,42.34229336069948,76.40455166747519,83.63950022490779,66.7918123663747,56.03924272863898,28.38659582600769,100.0,90.18370013494467,36.97490388028466,26.178060165987716,78.2953443453301,80.23153290665772,84.30755988829243,73.01757253576034,69.8327289960014,31.13026292176775,90.74510373234504,83.15583453939496,42.156898327156554,74.5490352639489,80.09659299822333,38.91593183736332,100.0,44.42244071246253,53.725518661725246,62.26430245273031
nationalreview,93.0588277992588,67.52533519203436,83.80393153160384,91.65774923946745,91.65774923946745,83.80393153160384,67.52533519203436,93.0588277992588,85.73724696291063,88.43137966543131,39.66545799200283,74.5490352639489,42.156898327156554,90.74510373234504,70.64213276976082,73.01757253576034,68.19155297838017,85.18493734841294,72.23531119703514,29.897597080592554,33.382423498529036,86.31182382406062,80.23153290665772,57.84194113582954,73.01757253576034,55.856958226182826,20.858460353335673,90.18370013494467,100.0,84.30755988829243,86.50878626788017,41.19316271598144,28.536258276267702,75.95507416846307,79.17648339777637,85.73724696291063,75.95507416846307,74.02851176222671,35.298411895750256,89.65271141040722,83.80393153160384,46.78434646098404,74.13177852601804,83.63950022490779,43.27835727213709,95.37255186617253,90.74510373234504
nbc,44.27814563806055,71.380813850743,91.65774923946745,34.844938701218574,34.844938701218574,91.65774923946745,71.380813850743,44.27814563806055,69.56771127565096,67.77355282975994,91.65774923946745,76.17875275875589,78.66851810318029,44.37430076468648,36.00555430954088,59.262684085436945,78.2953443453301,84.30755988829243,59.5263588036405,34.51711242385158,90.18370013494467,84.30755988829243,56.03924272863898,74.44408238678304,85.00535427466639,38.91593183736332,80.36740026988936,36.97490388028466,84.30755988829243,100.0,83.63950022490779,85.73724696291063,73.01757253576034,37.31558257081087,48.88816477356607,80.09659299822333,85.18493734841294,72.23531119703514,83.63950022490779,70.18975069548344,44.470622394070304,77.56761289040577,83.15583453939496,41.42118543312815,84.47906711561083,78.2953443453301,47.800005743024585
npr,60.66669086246645,83.80393153160384,34.844938701218574,24.919743155206998,24.919743155206998,34.844938701218574,83.80393153160384,60.66669086246645,93.0588277992588,43.27835727213709,86.50878626788017,64.08134338628993,39.39986077852898,89.65271141040722,49.73304668781806,72.0431657292691,46.58353196049138,36.72059849171886,27.34759060425852,26.25061245853699,43.99067070674667,44.03848064229966,74.13177852601804,80.78076445356649,61.422510474723666,49.25606965548075,79.17648339777637,26.178060165987716,86.50878626788017,83.63950022490779,100.0,65.29413899629394,71.7573984977559,81.06135229553963,83.15583453939496,26.723953334058102,20.487297824306637,83.15583453939496,83.63950022490779,88.43137966543131,71.7573984977559,61.214917104043046,27.384441942868687,81.34616021409988,75.08042916287204,35.96374153429217,68.61511977658485
nypost,67.52533519203436,91.65774923946745,24.919743155206998,79.17648339777637,79.17648339777637,24.919743155206998,91.65774923946745,67.52533519203436,97.68627593308626,83.15583453939496,27.34759060425852,6.3870559289766815,74.5490352639489,87.54021458143603,87.54021458143603,76.29138340031912,84.30755988829243,81.7817184788306,82.68567450815114,45.3451554364918,24.457706444457926,84.30755988829243,85.73724696291063,56.52907146829052,61.84108513432398,43.942901547280364,78.54340569959523,78.2953443453301,41.19316271598144,85.73724696291063,65.29413899629394,100.0,36.46731101556343,37.65812293510642,30.050492361677893,21.129493819413003,12.139394030256945,60.058929918827644,65.83827354181504,9.261889423898783,14.831065972735857,12.628191180190196,30.050492361677893,41.28426553952165,55.49462896018209,18.9866111998626,26.359574922686303
nytimes,71.380813850743,34.844938701218574,79.17648339777637,80.36740026988936,80.36740026988936,79.17648339777637,34.844938701218574,71.380813850743,93.0588277992588,11.865636934900392,94.82635570520361,65.99533978278531,56.03924272863898,44.954758727717724,31.13026292176775,67.69060173457126,81.2032168226623,76.74736090592295,80.23153290665772,47.748753895375074,30.54972663054466,31.59823937550256,60.66669086246645,76.74736090592295,63.784489936425274,23.08824823938471,65.99533978278531,80.23153290665772,28.536258276267702,73.01757253576034,71.7573984977559,36.46731101556343,100.0,45.00340676309165,76.40455166747519,80.09659299822333,82.68567450815114,83.63950022490779,79.04833747071848,50.48414265632012,36.80525324735749,71.47449392582126,76.74736090592295,82.99766989139266,82.68567450815114,84.30755988829243,45.3451554364918
pjmedia,83.80393153160384,24.919743155206998,80.36740026988936,83.15583453939496,83.15583453939496,80.36740026988936,24.919743155206998,83.80393153160384,44.27814563806055,85.73724696291063,71.380813850743,44.27814563806055,80.09659299822333,83.15583453939496,91.65774923946745,68.87202625507615,54.54253464702508,39.84317426024282,30.088768428915035,54.190600629741816,36.29901220683928,27.716949424998216,73.01757253576034,86.11765559851757,79.17648339777637,53.2078265663297,61.14596579112963,84.30755988829243,75.95507416846307,37.31558257081087,81.06135229553963,37.65812293510642,45.00340676309165,100.0,36.72059849171886,27.384441942868687,75.95507416846307,68.78615581953284,67.60786306320767,50.91850067472337,40.11073745038585,64.60682750121278,48.160187432596224,39.84317426024282,46.78434646098404,53.15065834289135,67.60786306320767
rawstory,91.65774923946745,79.17648339777637,83.15583453939496,71.380813850743,71.380813850743,83.15583453939496,79.17648339777637,91.65774923946745,60.66669086246645,69.56771127565096,88.43137966543131,35.05067038406874,38.91593183736332,36.80525324735749,41.42118543312815,88.2022758337376,76.40455166747519,80.23153290665772,79.69715371057988,33.825873717189424,47.54424725811911,84.30755988829243,86.50878626788017,62.052103792799485,55.07560479208904,59.00070507735315,22.6371490530622,73.01757253576034,79.17648339777637,48.88816477356607,83.15583453939496,30.050492361677893,76.40455166747519,36.72059849171886,100.0,69.92158713012141,61.214917104043046,33.50307118553603,85.18493734841294,69.74413182725523,69.56771127565096,65.60401895893501,62.76413508491707,65.60401895893501,35.422639059508285,52.9795707072134,58.224624324274885
redstate,34.844938701218574,80.36740026988936,71.380813850743,67.69060173457126,67.69060173457126,71.380813850743,80.36740026988936,34.844938701218574,67.52533519203436,93.0588277992588,67.77355282975994,39.66545799200283,16.449248648549762,56.77606737954388,83.80393153160384,65.76001060657772,80.23153290665772,80.09659299822333,70.9169394469065,42.156898327156554,64.60682750121278,83.80393153160384,37.91626846244333,69.13107076215275,76.17875275875589,14.674072412721173,86.91160017992622,69.8327289960014,85.73724696291063,80.09659299822333,26.723953334058102,21.129493819413003,80.09659299822333,27.384441942868687,69.92158713012141,100.0,95.37255186617253,90.74510373234504,81.4902074646901,42.156898327156554,72.23531119703514,74.44408238678304,78.2953443453301,82.99766989139266,82.37920247680829,45.3451554364918,30.66544502256736
rt,24.919743155206998,83.15583453939496,67.69060173457126,29.02484072997997,29.02484072997997,67.69060173457126,83.15583453939496,24.919743155206998,71.380813850743,97.68627593308626,43.27835727213709,91.65774923946745,74.5490352639489,80.36740026988936,83.63950022490779,69.8327289960014,56.03924272863898,70.18975069548344,32.90200205950161,34.844938701218574,63.125306229268496,78.2953443453301,38.522823301504914,82.37920247680829,71.380813850743,69.13107076215275,78.66851810318029,31.13026292176775,75.95507416846307,85.18493734841294,20.487297824306637,12.139394030256945,82.68567450815114,75.95507416846307,61.214917104043046,95.37255186617253,100.0,83.63950022490779,75.95507416846307,73.01757253576034,65.99533978278531,49.25606965548075,73.01757253576034,91.34283725407558,100.0,82.37920247680829,70.18975069548344
slate,79.17648339777637,71.380813850743,29.02484072997997,90.460271283581,90.460271283581,29.02484072997997,71.380813850743,79.17648339777637,83.80393153160384,93.0588277992588,83.15583453939496,86.50878626788017,76.17875275875589,42.156898327156554,40.33462332769919,33.987866925374256,74.13177852601804,37.91626846244333,78.2953443453301,45.98556779424933,38.34891297755366,70.18975069548344,86.50878626788017,70.18975069548344,62.9804149293802,50.32223751362079,32.90200205950161,90.74510373234504,74.02851176222671,72.23531119703514,83.15583453939496,60.058929918827644,83.63950022490779,68.78615581953284,33.50307118553603,90.74510373234504,83.63950022490779,100.0,83.80393153160384,74.02851176222671,93.45580008996312,95.37255186617253,89.65271141040722,48.62698864672996,62.69232042819978,72.0431657292691,75.08042916287204
spectator,80.36740026988936,67.69060173457126,90.460271283581,82.37920247680829,82.37920247680829,90.460271283581,67.69060173457126,80.36740026988936,91.65774923946745,44.27814563806055,11.865636934900392,27.34759060425852,64.08134338628993,78.66851810318029,90.74510373234504,39.79869600962677,85.73724696291063,80.64199560783423,81.34616021409988,44.08633145853821,42.808410195855885,64.91063717737747,91.65774923946745,47.54424725811911,91.34283725407558,21.74275112079822,72.91855412056492,83.15583453939496,35.298411895750256,83.63950022490779,83.63950022490779,65.83827354181504,79.04833747071848,67.60786306320767,85.18493734841294,81.4902074646901,75.95507416846307,83.80393153160384,100.0,37.87316971963543,23.402103897259895,51.63265121731888,28.12543641320463,27.67992865403075,25.92468674206473,77.09530031487091,23.08824823938471
techcrunch,83.15583453939496,29.02484072997997,82.37920247680829,39.84317426024282,39.84317426024282,82.37920247680829,29.02484072997997,83.15583453939496,34.844938701218574,60.66669086246645,85.73724696291063,94.82635570520361,6.3870559289766815,39.39986077852898,44.37430076468648,70.64213276976082,60.66669086246645,76.74736090592295,79.17648339777637,46.18415093786615,74.97324771840232,26.83362071404759,81.7817184788306,45.3451554364918,80.09659299822333,44.03848064229966,72.0431657292691,42.156898327156554,89.65271141040722,70.18975069548344,88.43137966543131,9.261889423898783,50.48414265632012,50.91850067472337,69.74413182725523,42.156898327156554,73.01757253576034,74.02851176222671,37.87316971963543,100.0,86.7086671508113,18.361270055317924,86.11765559851757,80.78076445356649,88.43137966543131,87.54021458143603,81.92923735624956
time,71.380813850743,90.460271283581,39.84317426024282,74.44408238678304,74.44408238678304,39.84317426024282,90.460271283581,71.380813850743,24.919743155206998,67.52533519203436,69.56771127565096,71.380813850743,65.99533978278531,74.5490352639489,89.65271141040722,36.00555430954088,73.01757253576034,47.18826617955006,65.76001060657772,26.178060165987716,37.44381540356394,92.68336207140476,82.37920247680829,72.23531119703514,67.60786306320767,72.0431657292691,30.088768428915035,74.5490352639489,83.80393153160384,44.470622394070304,71.7573984977559,14.831065972735857,36.80525324735749,40.11073745038585,69.56771127565096,72.23531119703514,65.99533978278531,93.45580008996312,23.402103897259895,86.7086671508113,100.0,40.11073745038585,79.04833747071848,12.139394030256945,83.15583453939496,73.01757253576034,86.50878626788017
usatoday,67.69060173457126,82.37920247680829,74.44408238678304,78.17237080795053,78.17237080795053,74.44408238678304,82.37920247680829,67.69060173457126,79.17648339777637,71.380813850743,93.0588277992588,88.43137966543131,44.27814563806055,56.03924272863898,87.54021458143603,49.73304668781806,59.262684085436945,68.19155297838017,34.190919184560705,93.0588277992588,53.37975185101185,85.18493734841294,72.81989643179065,79.17648339777637,51.798957780022256,73.01757253576034,90.74510373234504,80.09659299822333,46.78434646098404,77.56761289040577,61.214917104043046,12.628191180190196,71.47449392582126,64.60682750121278,65.60401895893501,74.44408238678304,49.25606965548075,95.37255186617253,51.63265121731888,18.361270055317924,40.11073745038585,100.0,67.44301651799513,81.92923735624956,56.03924272863898,46.683844665052845,35.630217098785664
verge,29.02484072997997,39.84317426024282,78.17237080795053,36.72059849171886,36.72059849171886,78.17237080795053,39.84317426024282,29.02484072997997,80.36740026988936,83.80393153160384,97.68627593308626,67.77355282975994,35.05067038406874,80.09659299822333,44.954758727717724,87.54021458143603,72.0431657292691,78.2953443453301,85.18493734841294,77.09530031487091,65.29413899629394,34.844938701218574,38.34891297755366,80.09659299822333,53.49472181184589,61.98163410126261,29.17585187823685,38.91593183736332,74.13177852601804,83.15583453939496,27.384441942868687,30.050492361677893,76.74736090592295,48.160187432596224,62.76413508491707,78.2953443453301,73.01757253576034,89.65271141040722,28.12543641320463,86.11765559851757,79.04833747071848,67.44301651799513,100.0,33.22189898506698,25.600188805470857,21.70855524899835,36.341045195773155
vice,90.460271283581,74.44408238678304,36.72059849171886,97.68627593308626,97.68627593308626,36.72059849171886,74.44408238678304,90.460271283581,83.15583453939496,91.65774923946745,93.0588277992588,43.27835727213709,39.66545799200283,38.91593183736332,83.15583453939496,31.13026292176775,76.29138340031912,46.58353196049138,84.30755988829243,72.23531119703514,36.97490388028466,80.23153290665772,91.34283725407558,100.0,68.78615581953284,55.49462896018209,54.601455560127256,100.0,83.63950022490779,41.42118543312815,81.34616021409988,41.28426553952165,82.99766989139266,39.84317426024282,65.60401895893501,82.99766989139266,91.34283725407558,48.62698864672996,27.67992865403075,80.78076445356649,12.139394030256945,81.92923735624956,33.22189898506698,100.0,49.25606965548075,42.156898327156554,33.50307118553603
vox,82.37920247680829,78.17237080795053,97.68627593308626,24.351483340351344,24.351483340351344,97.68627593308626,78.17237080795053,82.37920247680829,71.380813850743,34.844938701218574,44.27814563806055,83.15583453939496,91.65774923946745,16.449248648549762,36.80525324735749,91.65774923946745,67.69060173457126,84.30755988829243,36.72059849171886,59.5263588036405,29.897597080592554,76.40455166747519,92.32624540163198,81.2032168226623,75.40477579827355,67.44301651799513,49.25606965548075,44.42244071246253,43.27835727213709,84.47906711561083,75.08042916287204,55.49462896018209,82.68567450815114,46.78434646098404,35.422639059508285,82.37920247680829,100.0,62.69232042819978,25.92468674206473,88.43137966543131,83.15583453939496,56.03924272863898,25.600188805470857,49.25606965548075,100.0,69.56771127565096,93.0588277992588
wapo,39.84317426024282,36.72059849171886,24.351483340351344,32.70283867121731,32.70283867121731,24.351483340351344,36.72059849171886,39.84317426024282,67.69060173457126,24.919743155206998,60.66669086246645,11.865636934900392,86.50878626788017,74.5490352639489,56.77606737954388,41.42118543312815,68.87202625507615,81.2032168226623,81.7817184788306,27.34759060425852,34.51711242385158,33.382423498529036,42.34229336069948,54.54253464702508,72.62364764812122,37.48661813494996,56.77606737954388,53.725518661725246,95.37255186617253,78.2953443453301,35.96374153429217,18.9866111998626,84.30755988829243,53.15065834289135,52.9795707072134,45.3451554364918,82.37920247680829,72.0431657292691,77.09530031487091,87.54021458143603,73.01757253576034,46.683844665052845,21.70855524899835,42.156898327156554,69.56771127565096,100.0,51.41179459481151
wsj,74.44408238678304,97.68627593308626,32.70283867121731,26.505109501842316,26.505109501842316,32.70283867121731,97.68627593308626,74.44408238678304,29.02484072997997,79.17648339777637,67.52533519203436,85.73724696291063,27.34759060425852,76.17875275875589,80.36740026988936,83.80393153160384,88.2022758337376,54.54253464702508,76.74736090592295,82.68567450815114,26.25061245853699,90.18370013494467,86.31182382406062,76.40455166747519,91.34283725407558,49.73304668781806,51.41179459481151,62.26430245273031,90.74510373234504,47.800005743024585,68.61511977658485,26.359574922686303,45.3451554364918,67.60786306320767,58.224624324274885,30.66544502256736,70.18975069548344,75.08042916287204,23.08824823938471,81.92923735624956,86.50878626788017,35.630217098785664,36.341045195773155,33.50307118553603,93.0588277992588,51.41179459481151,100.0
